1.070000000000000000e+02 1.530000000000000000e+02 8.633697862991264460e-03 2.000000000000000000e+00
1.060000000000000000e+02 1.180000000000000000e+02 8.837190640112022391e-03 2.000000000000000000e+00
1.010000000000000000e+02 1.500000000000000000e+02 9.284378164808345171e-03 2.000000000000000000e+00
1.140000000000000000e+02 1.230000000000000000e+02 9.628722072579863275e-03 2.000000000000000000e+00
9.600000000000000000e+01 1.430000000000000000e+02 9.819686276788716292e-03 2.000000000000000000e+00
1.330000000000000000e+02 1.340000000000000000e+02 1.069087967869962290e-02 2.000000000000000000e+00
1.190000000000000000e+02 1.590000000000000000e+02 1.206393875575018093e-02 3.000000000000000000e+00
1.460000000000000000e+02 1.570000000000000000e+02 1.220651666544368165e-02 3.000000000000000000e+00
1.490000000000000000e+02 1.560000000000000000e+02 1.263635145803833001e-02 3.000000000000000000e+00
1.520000000000000000e+02 1.620000000000000000e+02 1.265858064778740098e-02 4.000000000000000000e+00
1.160000000000000000e+02 1.290000000000000000e+02 1.344245767576749545e-02 2.000000000000000000e+00
9.700000000000000000e+01 1.600000000000000000e+02 1.548982647316972383e-02 3.000000000000000000e+00
1.380000000000000000e+02 1.650000000000000000e+02 1.851262309548272131e-02 3.000000000000000000e+00
1.550000000000000000e+02 1.580000000000000000e+02 1.877367767373976093e-02 4.000000000000000000e+00
1.090000000000000000e+02 1.630000000000000000e+02 1.904945284937390251e-02 4.000000000000000000e+00
1.270000000000000000e+02 1.370000000000000000e+02 1.922850708381326074e-02 2.000000000000000000e+00
1.200000000000000000e+02 1.660000000000000000e+02 1.964812701089889424e-02 4.000000000000000000e+00
1.640000000000000000e+02 1.690000000000000000e+02 2.567970874429660599e-02 8.000000000000000000e+00
1.170000000000000000e+02 1.210000000000000000e+02 2.985674911721403896e-02 2.000000000000000000e+00
1.610000000000000000e+02 1.680000000000000000e+02 3.443271908985314628e-02 7.000000000000000000e+00
1.670000000000000000e+02 1.710000000000000000e+02 4.030330693028107841e-02 7.000000000000000000e+00
1.700000000000000000e+02 1.730000000000000000e+02 4.071864103054128464e-02 4.000000000000000000e+00
1.720000000000000000e+02 1.750000000000000000e+02 6.434491233974594382e-02 1.500000000000000000e+01
1.100000000000000000e+02 1.760000000000000000e+02 6.964072409301774735e-02 5.000000000000000000e+00
9.000000000000000000e+00 1.510000000000000000e+02 6.990448083377553967e-02 2.000000000000000000e+00
3.000000000000000000e+00 4.000000000000000000e+00 8.673794618129239409e-02 2.000000000000000000e+00
7.000000000000000000e+00 1.020000000000000000e+02 9.270363908534193231e-02 2.000000000000000000e+00
1.410000000000000000e+02 1.810000000000000000e+02 9.771904543769027729e-02 3.000000000000000000e+00
2.200000000000000000e+01 1.820000000000000000e+02 1.017605520557050974e-01 4.000000000000000000e+00
1.740000000000000000e+02 1.770000000000000000e+02 1.076420397517293265e-01 2.200000000000000000e+01
1.350000000000000000e+02 1.830000000000000000e+02 1.120746451543507410e-01 5.000000000000000000e+00
3.700000000000000000e+01 1.110000000000000000e+02 1.154909841433371387e-01 2.000000000000000000e+00
2.700000000000000000e+01 1.790000000000000000e+02 1.183253642551016227e-01 3.000000000000000000e+00
5.700000000000000000e+01 1.280000000000000000e+02 1.234318704266214733e-01 2.000000000000000000e+00
6.000000000000000000e+00 1.700000000000000000e+01 1.283974735998115735e-01 2.000000000000000000e+00
1.200000000000000000e+01 1.420000000000000000e+02 1.286103918279715708e-01 2.000000000000000000e+00
1.000000000000000000e+00 1.440000000000000000e+02 1.348055523707894499e-01 2.000000000000000000e+00
4.700000000000000000e+01 1.900000000000000000e+02 1.444176694970489283e-01 3.000000000000000000e+00
1.780000000000000000e+02 1.840000000000000000e+02 1.559167361078206138e-01 2.700000000000000000e+01
9.900000000000000000e+01 1.910000000000000000e+02 1.559399541249499033e-01 3.000000000000000000e+00
8.000000000000000000e+01 1.860000000000000000e+02 1.602368602270064502e-01 3.000000000000000000e+00
1.500000000000000000e+01 2.400000000000000000e+01 1.639872189419395998e-01 2.000000000000000000e+00
2.000000000000000000e+01 1.850000000000000000e+02 1.655214438417432210e-01 6.000000000000000000e+00
0.000000000000000000e+00 1.870000000000000000e+02 1.661874881017827155e-01 4.000000000000000000e+00
6.400000000000000000e+01 7.100000000000000000e+01 1.666423459080646485e-01 2.000000000000000000e+00
1.480000000000000000e+02 1.920000000000000000e+02 1.691446257785144403e-01 4.000000000000000000e+00
2.800000000000000000e+01 1.970000000000000000e+02 1.710326023804252527e-01 7.000000000000000000e+00
5.100000000000000000e+01 1.950000000000000000e+02 1.774770721813657692e-01 4.000000000000000000e+00
2.900000000000000000e+01 1.960000000000000000e+02 1.785806458482151748e-01 3.000000000000000000e+00
1.800000000000000000e+01 1.880000000000000000e+02 1.786501780999626698e-01 3.000000000000000000e+00
1.000000000000000000e+01 1.890000000000000000e+02 1.794637045688717847e-01 3.000000000000000000e+00
1.100000000000000000e+01 1.980000000000000000e+02 1.851948125939865408e-01 5.000000000000000000e+00
1.600000000000000000e+01 1.400000000000000000e+02 1.877120747927222555e-01 2.000000000000000000e+00
3.300000000000000000e+01 2.010000000000000000e+02 1.879174585954634935e-01 8.000000000000000000e+00
5.000000000000000000e+01 1.390000000000000000e+02 1.890002436917587458e-01 2.000000000000000000e+00
1.310000000000000000e+02 2.020000000000000000e+02 1.949255918756827022e-01 5.000000000000000000e+00
8.000000000000000000e+00 2.300000000000000000e+01 1.958180966209820961e-01 2.000000000000000000e+00
2.030000000000000000e+02 2.080000000000000000e+02 2.048666284027213513e-01 1.100000000000000000e+01
4.400000000000000000e+01 6.100000000000000000e+01 2.147797611991787425e-01 2.000000000000000000e+00
5.000000000000000000e+00 1.800000000000000000e+02 2.244962798503485901e-01 3.000000000000000000e+00
9.100000000000000000e+01 2.040000000000000000e+02 2.289238023457846050e-01 4.000000000000000000e+00
2.070000000000000000e+02 2.100000000000000000e+02 2.318775490659010785e-01 7.000000000000000000e+00
4.000000000000000000e+01 1.990000000000000000e+02 2.325370322533659717e-01 3.000000000000000000e+00
7.000000000000000000e+01 1.470000000000000000e+02 2.412054436487039155e-01 2.000000000000000000e+00
7.500000000000000000e+01 2.150000000000000000e+02 2.430572474860491772e-01 5.000000000000000000e+00
2.060000000000000000e+02 2.110000000000000000e+02 2.432472128089557817e-01 7.000000000000000000e+00
2.130000000000000000e+02 2.170000000000000000e+02 2.442058628369301598e-01 5.000000000000000000e+00
1.000000000000000000e+02 2.210000000000000000e+02 2.480300692190212097e-01 6.000000000000000000e+00
2.000000000000000000e+00 1.940000000000000000e+02 2.579358658487929112e-01 4.000000000000000000e+00
1.120000000000000000e+02 2.090000000000000000e+02 2.596145004987641114e-01 3.000000000000000000e+00
1.130000000000000000e+02 2.160000000000000000e+02 2.612289934341310849e-01 8.000000000000000000e+00
4.800000000000000000e+01 9.300000000000000000e+01 2.664962504869290427e-01 2.000000000000000000e+00
9.000000000000000000e+01 1.220000000000000000e+02 2.703035340819733290e-01 2.000000000000000000e+00
3.100000000000000000e+01 4.600000000000000000e+01 2.738606356173441392e-01 2.000000000000000000e+00
1.240000000000000000e+02 2.250000000000000000e+02 2.767772859370786764e-01 9.000000000000000000e+00
1.400000000000000000e+01 2.190000000000000000e+02 2.857251914554764238e-01 6.000000000000000000e+00
6.500000000000000000e+01 7.900000000000000000e+01 2.898636221707400762e-01 2.000000000000000000e+00
6.600000000000000000e+01 2.180000000000000000e+02 2.926074677201082053e-01 3.000000000000000000e+00
2.240000000000000000e+02 2.290000000000000000e+02 2.939510676796980304e-01 1.200000000000000000e+01
1.150000000000000000e+02 2.330000000000000000e+02 2.952805460551027883e-01 1.300000000000000000e+01
1.250000000000000000e+02 2.260000000000000000e+02 3.046403067450552116e-01 3.000000000000000000e+00
1.050000000000000000e+02 2.220000000000000000e+02 3.150441925394039111e-01 7.000000000000000000e+00
2.280000000000000000e+02 2.340000000000000000e+02 3.201977505959063275e-01 1.500000000000000000e+01
2.320000000000000000e+02 2.360000000000000000e+02 3.271315179469578283e-01 1.000000000000000000e+01
3.500000000000000000e+01 2.350000000000000000e+02 3.289997282079928365e-01 4.000000000000000000e+00
2.600000000000000000e+01 2.230000000000000000e+02 3.297637046615886636e-01 5.000000000000000000e+00
3.000000000000000000e+01 2.200000000000000000e+02 3.312814674555898953e-01 8.000000000000000000e+00
6.700000000000000000e+01 7.700000000000000000e+01 3.344372927124741324e-01 2.000000000000000000e+00
1.030000000000000000e+02 2.000000000000000000e+02 3.360216955395699534e-01 5.000000000000000000e+00
5.900000000000000000e+01 2.310000000000000000e+02 3.458812199958961608e-01 3.000000000000000000e+00
1.540000000000000000e+02 2.390000000000000000e+02 3.477391621769688190e-01 5.000000000000000000e+00
9.800000000000000000e+01 2.370000000000000000e+02 3.565681770202314693e-01 1.600000000000000000e+01
2.400000000000000000e+02 2.410000000000000000e+02 3.605763148147185237e-01 1.300000000000000000e+01
2.420000000000000000e+02 2.460000000000000000e+02 3.642003818282383287e-01 1.800000000000000000e+01
3.400000000000000000e+01 2.270000000000000000e+02 3.680756779014002777e-01 3.000000000000000000e+00
4.500000000000000000e+01 2.480000000000000000e+02 3.824587026704516224e-01 1.900000000000000000e+01
6.000000000000000000e+01 2.380000000000000000e+02 3.893428188929407563e-01 1.100000000000000000e+01
2.120000000000000000e+02 2.430000000000000000e+02 3.902673551865004642e-01 1.600000000000000000e+01
7.600000000000000000e+01 2.450000000000000000e+02 3.912899498091879091e-01 6.000000000000000000e+00
4.300000000000000000e+01 2.510000000000000000e+02 4.083076087595346459e-01 1.200000000000000000e+01
1.320000000000000000e+02 2.490000000000000000e+02 4.104163754285160004e-01 4.000000000000000000e+00
8.300000000000000000e+01 2.530000000000000000e+02 4.224973745985099449e-01 7.000000000000000000e+00
1.450000000000000000e+02 2.500000000000000000e+02 4.338366100831895777e-01 2.000000000000000000e+01
9.200000000000000000e+01 2.540000000000000000e+02 4.389431962482898686e-01 1.300000000000000000e+01
3.600000000000000000e+01 2.440000000000000000e+02 4.466345193228302146e-01 4.000000000000000000e+00
2.050000000000000000e+02 2.140000000000000000e+02 4.570633263121739454e-01 6.000000000000000000e+00
4.900000000000000000e+01 8.600000000000000000e+01 4.654059485539149277e-01 2.000000000000000000e+00
1.260000000000000000e+02 2.550000000000000000e+02 4.722831074366315995e-01 5.000000000000000000e+00
1.300000000000000000e+01 2.520000000000000000e+02 4.864941503531207134e-01 1.700000000000000000e+01
1.900000000000000000e+01 2.470000000000000000e+02 4.896221761516484916e-01 1.400000000000000000e+01
8.500000000000000000e+01 2.610000000000000000e+02 4.906973608766992401e-01 3.000000000000000000e+00
2.300000000000000000e+02 2.570000000000000000e+02 4.908295875944649334e-01 2.600000000000000000e+01
7.400000000000000000e+01 2.560000000000000000e+02 5.099282170891331623e-01 8.000000000000000000e+00
4.200000000000000000e+01 6.800000000000000000e+01 5.318553990753713823e-01 2.000000000000000000e+00
2.620000000000000000e+02 2.670000000000000000e+02 5.404775810637154621e-01 1.300000000000000000e+01
5.800000000000000000e+01 1.300000000000000000e+02 5.434655807813955075e-01 2.000000000000000000e+00
8.800000000000000000e+01 2.590000000000000000e+02 5.781287784035870070e-01 5.000000000000000000e+00
3.200000000000000000e+01 5.300000000000000000e+01 5.807564467578519851e-01 2.000000000000000000e+00
2.580000000000000000e+02 2.660000000000000000e+02 6.026800181493954245e-01 3.900000000000000000e+01
2.650000000000000000e+02 2.710000000000000000e+02 6.140642950497758878e-01 8.000000000000000000e+00
2.100000000000000000e+01 2.690000000000000000e+02 6.182347253205850990e-01 1.400000000000000000e+01
2.630000000000000000e+02 2.640000000000000000e+02 6.508050373459944860e-01 3.100000000000000000e+01
7.800000000000000000e+01 2.750000000000000000e+02 6.605449907368726725e-01 1.500000000000000000e+01
8.700000000000000000e+01 1.360000000000000000e+02 6.910862225625897803e-01 2.000000000000000000e+00
5.500000000000000000e+01 2.770000000000000000e+02 7.085268435107000551e-01 1.600000000000000000e+01
2.500000000000000000e+01 2.740000000000000000e+02 7.217429789652037853e-01 9.000000000000000000e+00
5.600000000000000000e+01 2.680000000000000000e+02 7.457511224329596011e-01 3.000000000000000000e+00
8.400000000000000000e+01 2.730000000000000000e+02 7.570946165062364397e-01 4.000000000000000000e+01
1.930000000000000000e+02 2.600000000000000000e+02 7.580229833146455709e-01 3.300000000000000000e+01
8.200000000000000000e+01 2.790000000000000000e+02 7.902935885178238307e-01 1.700000000000000000e+01
3.900000000000000000e+01 2.800000000000000000e+02 8.173246490963287370e-01 1.000000000000000000e+01
2.720000000000000000e+02 2.780000000000000000e+02 8.296306218484915673e-01 4.000000000000000000e+00
2.810000000000000000e+02 2.850000000000000000e+02 8.952890289736267215e-01 1.300000000000000000e+01
7.200000000000000000e+01 7.300000000000000000e+01 9.234661502211577444e-01 2.000000000000000000e+00
3.800000000000000000e+01 2.870000000000000000e+02 9.534500770280696091e-01 1.400000000000000000e+01
4.100000000000000000e+01 2.840000000000000000e+02 9.990875426320715569e-01 1.800000000000000000e+01
9.500000000000000000e+01 2.880000000000000000e+02 1.015559358667806666e+00 3.000000000000000000e+00
2.820000000000000000e+02 2.900000000000000000e+02 1.069110195924958928e+00 5.800000000000000000e+01
2.860000000000000000e+02 2.910000000000000000e+02 1.112398214209522562e+00 7.000000000000000000e+00
8.900000000000000000e+01 2.920000000000000000e+02 1.188171802736723404e+00 5.900000000000000000e+01
5.400000000000000000e+01 2.890000000000000000e+02 1.245994025836574925e+00 1.500000000000000000e+01
9.400000000000000000e+01 2.950000000000000000e+02 1.356329089872215565e+00 1.600000000000000000e+01
2.940000000000000000e+02 2.960000000000000000e+02 1.688057189584760254e+00 7.500000000000000000e+01
1.080000000000000000e+02 2.930000000000000000e+02 1.717205519628496102e+00 8.000000000000000000e+00
2.760000000000000000e+02 2.830000000000000000e+02 1.729632806627361630e+00 6.400000000000000000e+01
2.700000000000000000e+02 2.980000000000000000e+02 1.866192237612404936e+00 1.000000000000000000e+01
1.040000000000000000e+02 2.970000000000000000e+02 1.877665646885558370e+00 7.600000000000000000e+01
6.900000000000000000e+01 3.000000000000000000e+02 1.958070699820690930e+00 1.100000000000000000e+01
5.200000000000000000e+01 3.020000000000000000e+02 2.322905782955871690e+00 1.200000000000000000e+01
6.300000000000000000e+01 3.030000000000000000e+02 2.836211644054595471e+00 1.300000000000000000e+01
2.990000000000000000e+02 3.010000000000000000e+02 2.921271805230014174e+00 1.400000000000000000e+02
3.040000000000000000e+02 3.050000000000000000e+02 4.551104665315545361e+00 1.530000000000000000e+02
6.200000000000000000e+01 3.060000000000000000e+02 8.361557896542633372e+00 1.540000000000000000e+02
8.100000000000000000e+01 3.070000000000000000e+02 1.088580761597132636e+02 1.550000000000000000e+02
