1.330000000000000000e+02 1.460000000000000000e+02 2.487957182861785521e-01 2.000000000000000000e+00
1.060000000000000000e+02 1.160000000000000000e+02 3.107571456059202708e-01 2.000000000000000000e+00
9.700000000000000000e+01 1.550000000000000000e+02 3.337382755828732783e-01 3.000000000000000000e+00
1.270000000000000000e+02 1.370000000000000000e+02 3.860405423887935950e-01 2.000000000000000000e+00
1.010000000000000000e+02 1.560000000000000000e+02 4.295292021395592519e-01 3.000000000000000000e+00
1.090000000000000000e+02 1.500000000000000000e+02 4.480247519822727620e-01 2.000000000000000000e+00
1.140000000000000000e+02 1.340000000000000000e+02 4.488872241519604178e-01 2.000000000000000000e+00
1.190000000000000000e+02 1.600000000000000000e+02 4.825682613442265900e-01 3.000000000000000000e+00
1.170000000000000000e+02 1.570000000000000000e+02 5.088663997185872701e-01 4.000000000000000000e+00
1.230000000000000000e+02 1.380000000000000000e+02 5.867623426151289401e-01 2.000000000000000000e+00
1.590000000000000000e+02 1.610000000000000000e+02 6.903190895481593481e-01 5.000000000000000000e+00
1.530000000000000000e+02 1.580000000000000000e+02 7.981883111153229571e-01 3.000000000000000000e+00
1.430000000000000000e+02 1.620000000000000000e+02 8.107929559317629264e-01 4.000000000000000000e+00
1.200000000000000000e+01 2.100000000000000000e+01 8.650165571280796772e-01 2.000000000000000000e+00
4.000000000000000000e+00 1.640000000000000000e+02 8.858576437550587102e-01 3.000000000000000000e+00
5.100000000000000000e+01 1.510000000000000000e+02 1.077346118771351557e+00 2.000000000000000000e+00
9.600000000000000000e+01 1.670000000000000000e+02 1.125337893569361869e+00 5.000000000000000000e+00
1.290000000000000000e+02 1.630000000000000000e+02 1.140362892414854556e+00 5.000000000000000000e+00
2.000000000000000000e+00 9.000000000000000000e+00 1.183763532160293286e+00 2.000000000000000000e+00
1.180000000000000000e+02 1.650000000000000000e+02 1.247491025349217519e+00 6.000000000000000000e+00
1.520000000000000000e+02 1.660000000000000000e+02 1.266865320250053495e+00 4.000000000000000000e+00
7.000000000000000000e+00 1.680000000000000000e+02 1.359296958971505820e+00 3.000000000000000000e+00
5.000000000000000000e+00 1.690000000000000000e+02 1.392471182412998942e+00 4.000000000000000000e+00
1.720000000000000000e+02 1.740000000000000000e+02 1.485164098235769670e+00 1.100000000000000000e+01
1.110000000000000000e+02 1.280000000000000000e+02 1.497679931686462407e+00 2.000000000000000000e+00
1.800000000000000000e+01 4.000000000000000000e+01 1.507897853894670126e+00 2.000000000000000000e+00
3.700000000000000000e+01 6.400000000000000000e+01 1.510226794978270615e+00 2.000000000000000000e+00
1.070000000000000000e+02 1.490000000000000000e+02 1.518462092746272196e+00 2.000000000000000000e+00
6.700000000000000000e+01 1.240000000000000000e+02 1.622642662099603728e+00 2.000000000000000000e+00
9.300000000000000000e+01 1.400000000000000000e+02 1.714707552456508965e+00 2.000000000000000000e+00
2.000000000000000000e+01 2.200000000000000000e+01 1.743372102133063484e+00 2.000000000000000000e+00
1.710000000000000000e+02 1.820000000000000000e+02 1.777484856835732874e+00 7.000000000000000000e+00
8.000000000000000000e+00 1.500000000000000000e+01 1.810554703473049365e+00 2.000000000000000000e+00
1.600000000000000000e+01 9.900000000000000000e+01 1.850970219964934493e+00 2.000000000000000000e+00
7.600000000000000000e+01 1.410000000000000000e+02 1.862507354096685663e+00 2.000000000000000000e+00
2.700000000000000000e+01 2.800000000000000000e+01 1.893059477736173335e+00 2.000000000000000000e+00
1.100000000000000000e+02 1.860000000000000000e+02 1.919021615662517943e+00 8.000000000000000000e+00
8.600000000000000000e+01 1.420000000000000000e+02 1.940949510956823554e+00 2.000000000000000000e+00
2.500000000000000000e+01 1.810000000000000000e+02 1.943456403537050958e+00 3.000000000000000000e+00
8.300000000000000000e+01 1.390000000000000000e+02 1.953385267441632767e+00 2.000000000000000000e+00
4.200000000000000000e+01 1.260000000000000000e+02 1.977312075699427574e+00 2.000000000000000000e+00
1.400000000000000000e+01 2.300000000000000000e+01 1.997102267058601610e+00 2.000000000000000000e+00
1.440000000000000000e+02 1.450000000000000000e+02 2.036346261884371067e+00 2.000000000000000000e+00
5.400000000000000000e+01 1.830000000000000000e+02 2.041722218953398560e+00 3.000000000000000000e+00
1.840000000000000000e+02 1.950000000000000000e+02 2.083750079913513797e+00 4.000000000000000000e+00
3.000000000000000000e+00 1.750000000000000000e+02 2.107018873738875975e+00 5.000000000000000000e+00
1.700000000000000000e+02 1.800000000000000000e+02 2.109328448798337696e+00 4.000000000000000000e+00
1.100000000000000000e+01 1.730000000000000000e+02 2.119530086031979899e+00 3.000000000000000000e+00
1.790000000000000000e+02 1.980000000000000000e+02 2.139198769037043757e+00 5.000000000000000000e+00
7.000000000000000000e+01 9.000000000000000000e+01 2.239525225187822599e+00 2.000000000000000000e+00
1.080000000000000000e+02 1.310000000000000000e+02 2.290609328635237141e+00 2.000000000000000000e+00
4.900000000000000000e+01 7.100000000000000000e+01 2.313956700176398762e+00 2.000000000000000000e+00
1.000000000000000000e+00 6.000000000000000000e+00 2.318643986276044178e+00 2.000000000000000000e+00
2.900000000000000000e+01 3.000000000000000000e+01 2.352321663891261405e+00 2.000000000000000000e+00
7.300000000000000000e+01 1.990000000000000000e+02 2.397721351781333610e+00 5.000000000000000000e+00
4.400000000000000000e+01 1.930000000000000000e+02 2.426157219613552574e+00 4.000000000000000000e+00
3.300000000000000000e+01 1.960000000000000000e+02 2.488251950534846380e+00 3.000000000000000000e+00
1.470000000000000000e+02 1.940000000000000000e+02 2.524940161844587028e+00 3.000000000000000000e+00
4.800000000000000000e+01 2.040000000000000000e+02 2.588220362438569566e+00 3.000000000000000000e+00
3.200000000000000000e+01 1.000000000000000000e+02 2.601370358387916859e+00 2.000000000000000000e+00
7.700000000000000000e+01 2.060000000000000000e+02 2.694439858976892754e+00 3.000000000000000000e+00
3.500000000000000000e+01 7.900000000000000000e+01 2.695609590054576454e+00 2.000000000000000000e+00
1.760000000000000000e+02 1.850000000000000000e+02 2.711847200459563290e+00 5.000000000000000000e+00
1.780000000000000000e+02 1.910000000000000000e+02 2.770282673075620927e+00 1.900000000000000000e+01
1.920000000000000000e+02 2.090000000000000000e+02 2.791707025585812296e+00 7.000000000000000000e+00
8.000000000000000000e+01 2.010000000000000000e+02 2.797013705612251488e+00 5.000000000000000000e+00
6.100000000000000000e+01 2.030000000000000000e+02 2.837175916502996387e+00 6.000000000000000000e+00
8.200000000000000000e+01 1.890000000000000000e+02 2.877441638618447151e+00 3.000000000000000000e+00
9.200000000000000000e+01 2.130000000000000000e+02 2.928589850451592369e+00 4.000000000000000000e+00
2.400000000000000000e+01 1.880000000000000000e+02 2.964872711460011079e+00 3.000000000000000000e+00
9.500000000000000000e+01 2.100000000000000000e+02 2.965474418268923440e+00 5.000000000000000000e+00
5.300000000000000000e+01 9.400000000000000000e+01 3.008907816120744538e+00 2.000000000000000000e+00
1.870000000000000000e+02 2.020000000000000000e+02 3.064359069477064157e+00 5.000000000000000000e+00
6.600000000000000000e+01 2.050000000000000000e+02 3.071003113620437652e+00 3.000000000000000000e+00
1.300000000000000000e+01 2.170000000000000000e+02 3.127227902858838782e+00 6.000000000000000000e+00
1.540000000000000000e+02 2.210000000000000000e+02 3.134143831499075716e+00 7.000000000000000000e+00
1.020000000000000000e+02 2.200000000000000000e+02 3.141639390887209338e+00 6.000000000000000000e+00
7.200000000000000000e+01 1.120000000000000000e+02 3.168888785193367141e+00 2.000000000000000000e+00
3.100000000000000000e+01 7.500000000000000000e+01 3.173237178345541309e+00 2.000000000000000000e+00
4.700000000000000000e+01 2.310000000000000000e+02 3.214143585773280964e+00 7.000000000000000000e+00
8.700000000000000000e+01 2.140000000000000000e+02 3.316676741322006627e+00 3.000000000000000000e+00
4.600000000000000000e+01 1.480000000000000000e+02 3.324457612434345677e+00 2.000000000000000000e+00
1.200000000000000000e+02 2.180000000000000000e+02 3.423184884683625917e+00 2.000000000000000000e+01
4.100000000000000000e+01 1.970000000000000000e+02 3.425115303944230138e+00 3.000000000000000000e+00
2.230000000000000000e+02 2.360000000000000000e+02 3.522925036310312841e+00 6.000000000000000000e+00
2.150000000000000000e+02 2.160000000000000000e+02 3.527802015319819073e+00 5.000000000000000000e+00
6.500000000000000000e+01 1.350000000000000000e+02 3.584976701659392528e+00 2.000000000000000000e+00
2.250000000000000000e+02 2.400000000000000000e+02 3.670405430988862072e+00 1.000000000000000000e+01
1.250000000000000000e+02 1.320000000000000000e+02 3.704046331673336301e+00 2.000000000000000000e+00
5.700000000000000000e+01 9.800000000000000000e+01 3.829071561698590198e+00 2.000000000000000000e+00
4.500000000000000000e+01 2.440000000000000000e+02 3.883619298034874490e+00 3.000000000000000000e+00
2.120000000000000000e+02 2.260000000000000000e+02 3.955716900599826502e+00 5.000000000000000000e+00
1.900000000000000000e+02 2.290000000000000000e+02 4.009817301661826150e+00 8.000000000000000000e+00
3.600000000000000000e+01 4.300000000000000000e+01 4.025225893207180938e+00 2.000000000000000000e+00
2.220000000000000000e+02 2.300000000000000000e+02 4.051017845783374760e+00 1.000000000000000000e+01
0.000000000000000000e+00 1.700000000000000000e+01 4.074129641722804784e+00 2.000000000000000000e+00
1.770000000000000000e+02 2.000000000000000000e+02 4.078663423954956180e+00 9.000000000000000000e+00
6.800000000000000000e+01 2.410000000000000000e+02 4.089805015631614360e+00 3.000000000000000000e+00
1.900000000000000000e+01 2.270000000000000000e+02 4.097002446288033006e+00 6.000000000000000000e+00
2.280000000000000000e+02 2.390000000000000000e+02 4.173597715118410711e+00 9.000000000000000000e+00
2.110000000000000000e+02 2.240000000000000000e+02 4.416428081337919309e+00 6.000000000000000000e+00
2.600000000000000000e+01 2.530000000000000000e+02 4.629187225113980730e+00 7.000000000000000000e+00
7.800000000000000000e+01 2.520000000000000000e+02 4.649131623438094607e+00 4.000000000000000000e+00
6.900000000000000000e+01 2.320000000000000000e+02 4.656426447961774073e+00 3.000000000000000000e+00
2.330000000000000000e+02 2.380000000000000000e+02 4.658271283916223915e+00 5.000000000000000000e+00
5.900000000000000000e+01 2.460000000000000000e+02 4.740831474592837935e+00 6.000000000000000000e+00
3.900000000000000000e+01 2.190000000000000000e+02 4.801791893213836815e+00 8.000000000000000000e+00
9.100000000000000000e+01 2.340000000000000000e+02 4.850929390247862294e+00 8.000000000000000000e+00
2.430000000000000000e+02 2.570000000000000000e+02 4.990676386579543156e+00 6.000000000000000000e+00
1.050000000000000000e+02 2.580000000000000000e+02 5.097626298417570645e+00 4.000000000000000000e+00
8.800000000000000000e+01 2.540000000000000000e+02 5.175364320534672657e+00 1.000000000000000000e+01
1.030000000000000000e+02 2.490000000000000000e+02 5.274186882317406955e+00 1.100000000000000000e+01
5.200000000000000000e+01 2.420000000000000000e+02 5.280454470257661015e+00 1.100000000000000000e+01
5.600000000000000000e+01 1.040000000000000000e+02 5.335881877829153019e+00 2.000000000000000000e+00
2.480000000000000000e+02 2.650000000000000000e+02 5.377746783726246704e+00 1.200000000000000000e+01
5.800000000000000000e+01 2.680000000000000000e+02 5.526658331638364174e+00 3.000000000000000000e+00
8.900000000000000000e+01 2.690000000000000000e+02 5.531577906641556019e+00 1.300000000000000000e+01
1.000000000000000000e+01 2.070000000000000000e+02 5.657480826566204435e+00 3.000000000000000000e+00
2.350000000000000000e+02 2.610000000000000000e+02 5.658565592664942301e+00 1.100000000000000000e+01
2.450000000000000000e+02 2.620000000000000000e+02 5.909045178960346867e+00 1.100000000000000000e+01
7.400000000000000000e+01 2.700000000000000000e+02 6.030948023172104655e+00 4.000000000000000000e+00
2.600000000000000000e+02 2.660000000000000000e+02 6.068183116100434482e+00 1.700000000000000000e+01
2.080000000000000000e+02 2.470000000000000000e+02 6.104545932746267667e+00 1.000000000000000000e+01
2.500000000000000000e+02 2.560000000000000000e+02 6.183303732148031528e+00 9.000000000000000000e+00
1.130000000000000000e+02 2.630000000000000000e+02 6.406643079190092571e+00 7.000000000000000000e+00
2.590000000000000000e+02 2.670000000000000000e+02 6.508043909115295733e+00 1.600000000000000000e+01
1.150000000000000000e+02 2.730000000000000000e+02 6.670912965297830510e+00 1.200000000000000000e+01
6.200000000000000000e+01 1.300000000000000000e+02 6.897488844744301240e+00 2.000000000000000000e+00
8.400000000000000000e+01 2.790000000000000000e+02 6.980417040963199149e+00 8.000000000000000000e+00
3.800000000000000000e+01 2.810000000000000000e+02 7.058643298199100968e+00 1.300000000000000000e+01
5.500000000000000000e+01 2.760000000000000000e+02 7.093436355218926792e+00 1.800000000000000000e+01
8.500000000000000000e+01 2.750000000000000000e+02 7.166525599251241552e+00 5.000000000000000000e+00
1.210000000000000000e+02 2.370000000000000000e+02 7.382625449477089319e+00 2.100000000000000000e+01
2.510000000000000000e+02 2.870000000000000000e+02 8.042325730977108122e+00 3.000000000000000000e+01
2.830000000000000000e+02 2.860000000000000000e+02 8.351130886966087630e+00 1.300000000000000000e+01
6.300000000000000000e+01 2.840000000000000000e+02 8.763711366353374999e+00 1.400000000000000000e+01
6.000000000000000000e+01 2.800000000000000000e+02 8.827993577479478660e+00 1.700000000000000000e+01
2.710000000000000000e+02 2.910000000000000000e+02 9.664680253177913016e+00 3.000000000000000000e+01
2.850000000000000000e+02 2.900000000000000000e+02 1.002815607489378102e+01 3.200000000000000000e+01
2.770000000000000000e+02 2.780000000000000000e+02 1.048644727874734883e+01 1.900000000000000000e+01
3.400000000000000000e+01 2.920000000000000000e+02 1.085347861987945883e+01 3.100000000000000000e+01
5.000000000000000000e+01 2.740000000000000000e+02 1.174542773433184450e+01 1.200000000000000000e+01
2.640000000000000000e+02 2.890000000000000000e+02 1.402001367305738455e+01 1.700000000000000000e+01
2.550000000000000000e+02 2.940000000000000000e+02 1.565779373600463842e+01 2.500000000000000000e+01
2.720000000000000000e+02 2.880000000000000000e+02 1.608376269010948079e+01 3.300000000000000000e+01
1.360000000000000000e+02 2.820000000000000000e+02 1.718336659627253837e+01 3.000000000000000000e+00
2.950000000000000000e+02 2.960000000000000000e+02 1.779277816675121215e+01 4.300000000000000000e+01
2.930000000000000000e+02 2.970000000000000000e+02 1.983020293664302969e+01 4.900000000000000000e+01
3.010000000000000000e+02 3.020000000000000000e+02 2.937439677953120665e+01 9.200000000000000000e+01
2.980000000000000000e+02 2.990000000000000000e+02 3.700784103478945042e+01 5.800000000000000000e+01
1.220000000000000000e+02 3.000000000000000000e+02 3.850398905350882472e+01 4.000000000000000000e+00
3.030000000000000000e+02 3.050000000000000000e+02 6.485906757330288031e+01 9.600000000000000000e+01
3.040000000000000000e+02 3.060000000000000000e+02 8.554758540184063520e+01 1.540000000000000000e+02
8.100000000000000000e+01 3.070000000000000000e+02 1.462877587178609247e+02 1.550000000000000000e+02
