1.280000000000000000e+02 1.360000000000000000e+02 1.807884516783791187e+05 2.000000000000000000e+00
1.290000000000000000e+02 1.550000000000000000e+02 2.200668588220175006e+05 3.000000000000000000e+00
1.080000000000000000e+02 1.310000000000000000e+02 2.947911665142164566e+05 2.000000000000000000e+00
1.190000000000000000e+02 1.260000000000000000e+02 3.348132266418752843e+05 2.000000000000000000e+00
1.370000000000000000e+02 1.440000000000000000e+02 3.553151188452300848e+05 2.000000000000000000e+00
1.060000000000000000e+02 1.420000000000000000e+02 3.681513902064441354e+05 2.000000000000000000e+00
8.600000000000000000e+01 1.530000000000000000e+02 3.737925011114120716e+05 2.000000000000000000e+00
1.320000000000000000e+02 1.470000000000000000e+02 3.784426239694400574e+05 2.000000000000000000e+00
1.500000000000000000e+02 1.610000000000000000e+02 4.214452819157688064e+05 3.000000000000000000e+00
9.800000000000000000e+01 1.510000000000000000e+02 4.234245584525285522e+05 2.000000000000000000e+00
1.410000000000000000e+02 1.600000000000000000e+02 4.445653936273120344e+05 3.000000000000000000e+00
7.200000000000000000e+01 1.300000000000000000e+02 4.658272910290894215e+05 2.000000000000000000e+00
1.240000000000000000e+02 1.520000000000000000e+02 4.826583188158316771e+05 2.000000000000000000e+00
1.000000000000000000e+02 1.650000000000000000e+02 4.881209155200840905e+05 4.000000000000000000e+00
1.430000000000000000e+02 1.580000000000000000e+02 4.909367572946216678e+05 3.000000000000000000e+00
5.600000000000000000e+01 1.270000000000000000e+02 4.915586731347540626e+05 2.000000000000000000e+00
1.340000000000000000e+02 1.540000000000000000e+02 5.271094788151817629e+05 2.000000000000000000e+00
5.500000000000000000e+01 1.460000000000000000e+02 5.430587891302607022e+05 2.000000000000000000e+00
1.170000000000000000e+02 1.350000000000000000e+02 5.502599882408854319e+05 2.000000000000000000e+00
1.090000000000000000e+02 1.670000000000000000e+02 5.540021206970275380e+05 3.000000000000000000e+00
8.100000000000000000e+01 1.640000000000000000e+02 5.646142104070775677e+05 3.000000000000000000e+00
1.140000000000000000e+02 1.180000000000000000e+02 5.717006297276027035e+05 2.000000000000000000e+00
1.380000000000000000e+02 1.590000000000000000e+02 5.801332958630775101e+05 3.000000000000000000e+00
1.230000000000000000e+02 1.620000000000000000e+02 5.900077941610809648e+05 3.000000000000000000e+00
1.400000000000000000e+02 1.740000000000000000e+02 6.424749429944328731e+05 4.000000000000000000e+00
1.690000000000000000e+02 1.760000000000000000e+02 6.473708812947401311e+05 5.000000000000000000e+00
9.300000000000000000e+01 1.250000000000000000e+02 6.512823394229648402e+05 2.000000000000000000e+00
5.400000000000000000e+01 9.400000000000000000e+01 6.552170772303252015e+05 2.000000000000000000e+00
9.900000000000000000e+01 1.700000000000000000e+02 6.798666032513401005e+05 3.000000000000000000e+00
7.300000000000000000e+01 9.700000000000000000e+01 6.821987775100817671e+05 2.000000000000000000e+00
8.300000000000000000e+01 1.450000000000000000e+02 7.007148997256301809e+05 2.000000000000000000e+00
1.490000000000000000e+02 1.790000000000000000e+02 7.095896696684444323e+05 5.000000000000000000e+00
1.390000000000000000e+02 1.730000000000000000e+02 7.219095117051182315e+05 3.000000000000000000e+00
1.710000000000000000e+02 1.750000000000000000e+02 7.257134932238989277e+05 5.000000000000000000e+00
1.030000000000000000e+02 1.660000000000000000e+02 7.448191242052635644e+05 3.000000000000000000e+00
1.570000000000000000e+02 1.770000000000000000e+02 7.522679455553640146e+05 5.000000000000000000e+00
1.100000000000000000e+02 1.780000000000000000e+02 7.571333469291105866e+05 4.000000000000000000e+00
9.200000000000000000e+01 1.720000000000000000e+02 7.616992287597043905e+05 3.000000000000000000e+00
9.600000000000000000e+01 1.900000000000000000e+02 8.059649381894380786e+05 6.000000000000000000e+00
1.200000000000000000e+02 1.220000000000000000e+02 8.076562527968368959e+05 2.000000000000000000e+00
1.120000000000000000e+02 1.920000000000000000e+02 8.261644670374846319e+05 4.000000000000000000e+00
1.050000000000000000e+02 1.630000000000000000e+02 8.683702960774361854e+05 4.000000000000000000e+00
8.400000000000000000e+01 1.810000000000000000e+02 8.684882962806983851e+05 3.000000000000000000e+00
1.040000000000000000e+02 1.890000000000000000e+02 8.687918120693870587e+05 4.000000000000000000e+00
6.100000000000000000e+01 8.800000000000000000e+01 9.090452339619849809e+05 2.000000000000000000e+00
1.820000000000000000e+02 1.830000000000000000e+02 9.263060124222021550e+05 5.000000000000000000e+00
1.800000000000000000e+02 1.910000000000000000e+02 9.608844105094500119e+05 9.000000000000000000e+00
1.330000000000000000e+02 1.840000000000000000e+02 9.689125523450945038e+05 3.000000000000000000e+00
1.680000000000000000e+02 1.860000000000000000e+02 9.760637484513688833e+05 9.000000000000000000e+00
5.700000000000000000e+01 6.700000000000000000e+01 9.827386525391682517e+05 2.000000000000000000e+00
1.070000000000000000e+02 2.030000000000000000e+02 1.065063524941855809e+06 1.000000000000000000e+01
7.600000000000000000e+01 1.850000000000000000e+02 1.066016194570348831e+06 3.000000000000000000e+00
4.200000000000000000e+01 7.900000000000000000e+01 1.078942387804835569e+06 2.000000000000000000e+00
6.800000000000000000e+01 7.800000000000000000e+01 1.150730736834208248e+06 2.000000000000000000e+00
7.400000000000000000e+01 1.970000000000000000e+02 1.154862319492439972e+06 4.000000000000000000e+00
9.500000000000000000e+01 1.990000000000000000e+02 1.156169691346960608e+06 3.000000000000000000e+00
5.300000000000000000e+01 5.900000000000000000e+01 1.169180841790952487e+06 2.000000000000000000e+00
8.500000000000000000e+01 1.950000000000000000e+02 1.194868414265924366e+06 5.000000000000000000e+00
1.110000000000000000e+02 1.210000000000000000e+02 1.198133129575966625e+06 2.000000000000000000e+00
4.000000000000000000e+01 2.040000000000000000e+02 1.208050284197417786e+06 3.000000000000000000e+00
1.560000000000000000e+02 1.870000000000000000e+02 1.231482143995591206e+06 6.000000000000000000e+00
4.800000000000000000e+01 2.080000000000000000e+02 1.262146811823911965e+06 3.000000000000000000e+00
1.160000000000000000e+02 2.020000000000000000e+02 1.274492487104020780e+06 4.000000000000000000e+00
1.480000000000000000e+02 2.000000000000000000e+02 1.278832477878914680e+06 6.000000000000000000e+00
1.150000000000000000e+02 1.980000000000000000e+02 1.290662434508203296e+06 5.000000000000000000e+00
7.100000000000000000e+01 9.000000000000000000e+01 1.315144619586948771e+06 2.000000000000000000e+00
1.020000000000000000e+02 2.010000000000000000e+02 1.324526454073785106e+06 1.000000000000000000e+01
1.930000000000000000e+02 1.940000000000000000e+02 1.331315205857874826e+06 8.000000000000000000e+00
3.200000000000000000e+01 3.500000000000000000e+01 1.391999111408750061e+06 2.000000000000000000e+00
3.800000000000000000e+01 2.060000000000000000e+02 1.409673593112685485e+06 4.000000000000000000e+00
3.600000000000000000e+01 6.400000000000000000e+01 1.413437147530975286e+06 2.000000000000000000e+00
4.700000000000000000e+01 6.200000000000000000e+01 1.426587598749635043e+06 2.000000000000000000e+00
1.960000000000000000e+02 2.190000000000000000e+02 1.459251919388952898e+06 9.000000000000000000e+00
4.900000000000000000e+01 1.010000000000000000e+02 1.465625629389886279e+06 2.000000000000000000e+00
2.100000000000000000e+02 2.130000000000000000e+02 1.500806843074858421e+06 5.000000000000000000e+00
3.700000000000000000e+01 2.230000000000000000e+02 1.517479866167467786e+06 3.000000000000000000e+00
5.100000000000000000e+01 5.200000000000000000e+01 1.534076901576971170e+06 2.000000000000000000e+00
1.130000000000000000e+02 2.270000000000000000e+02 1.570285637439382728e+06 1.000000000000000000e+01
7.000000000000000000e+01 2.300000000000000000e+02 1.598000994785561226e+06 4.000000000000000000e+00
4.400000000000000000e+01 2.160000000000000000e+02 1.625351790296159452e+06 4.000000000000000000e+00
1.880000000000000000e+02 2.050000000000000000e+02 1.634734894606775604e+06 1.500000000000000000e+01
6.300000000000000000e+01 2.200000000000000000e+02 1.645590584076246712e+06 3.000000000000000000e+00
8.200000000000000000e+01 2.240000000000000000e+02 1.653147959681429667e+06 5.000000000000000000e+00
7.500000000000000000e+01 2.070000000000000000e+02 1.709257006202971563e+06 3.000000000000000000e+00
4.500000000000000000e+01 2.330000000000000000e+02 1.721337968616793398e+06 5.000000000000000000e+00
6.600000000000000000e+01 2.360000000000000000e+02 1.738351675012668595e+06 4.000000000000000000e+00
9.100000000000000000e+01 2.310000000000000000e+02 1.776331511602284852e+06 3.000000000000000000e+00
2.170000000000000000e+02 2.180000000000000000e+02 1.841859207804479636e+06 1.000000000000000000e+01
2.200000000000000000e+01 2.280000000000000000e+02 1.910616035291749518e+06 3.000000000000000000e+00
2.110000000000000000e+02 2.250000000000000000e+02 1.959380320387403946e+06 4.000000000000000000e+00
4.000000000000000000e+00 2.300000000000000000e+01 2.087091177703552181e+06 2.000000000000000000e+00
8.700000000000000000e+01 2.390000000000000000e+02 2.142424677795598749e+06 6.000000000000000000e+00
6.900000000000000000e+01 2.260000000000000000e+02 2.149408935605970677e+06 3.000000000000000000e+00
7.700000000000000000e+01 2.380000000000000000e+02 2.151213443949485663e+06 4.000000000000000000e+00
2.210000000000000000e+02 2.220000000000000000e+02 2.219356605865787249e+06 1.800000000000000000e+01
8.000000000000000000e+01 2.400000000000000000e+02 2.234862245580842253e+06 5.000000000000000000e+00
1.800000000000000000e+01 6.500000000000000000e+01 2.310956522536501754e+06 2.000000000000000000e+00
8.900000000000000000e+01 2.140000000000000000e+02 2.321768199344716966e+06 4.000000000000000000e+00
3.900000000000000000e+01 2.430000000000000000e+02 2.369107851325672586e+06 4.000000000000000000e+00
2.090000000000000000e+02 2.320000000000000000e+02 2.477827595936897211e+06 1.400000000000000000e+01
2.290000000000000000e+02 2.340000000000000000e+02 2.530053168020159006e+06 9.000000000000000000e+00
4.300000000000000000e+01 2.410000000000000000e+02 2.776352800896928180e+06 4.000000000000000000e+00
2.460000000000000000e+02 2.520000000000000000e+02 2.784359802004048601e+06 1.000000000000000000e+01
2.120000000000000000e+02 2.420000000000000000e+02 2.802291931955308188e+06 1.500000000000000000e+01
1.600000000000000000e+01 2.000000000000000000e+01 2.950164245250762440e+06 2.000000000000000000e+00
3.100000000000000000e+01 2.530000000000000000e+02 2.979043194624257274e+06 5.000000000000000000e+00
5.000000000000000000e+01 2.440000000000000000e+02 3.018482387565185316e+06 5.000000000000000000e+00
2.480000000000000000e+02 2.560000000000000000e+02 3.126293812725617550e+06 8.000000000000000000e+00
6.000000000000000000e+01 2.570000000000000000e+02 3.183203966031851713e+06 1.100000000000000000e+01
2.470000000000000000e+02 2.500000000000000000e+02 3.368123234823917504e+06 8.000000000000000000e+00
3.000000000000000000e+00 2.450000000000000000e+02 3.385789515791022219e+06 3.000000000000000000e+00
2.350000000000000000e+02 2.540000000000000000e+02 3.388676242662827950e+06 2.900000000000000000e+01
1.000000000000000000e+01 1.700000000000000000e+01 3.475403256416152697e+06 2.000000000000000000e+00
0.000000000000000000e+00 2.000000000000000000e+00 3.538886221687269863e+06 2.000000000000000000e+00
9.000000000000000000e+00 1.300000000000000000e+01 3.606063515125045553e+06 2.000000000000000000e+00
3.300000000000000000e+01 2.510000000000000000e+02 3.674369661523519084e+06 3.000000000000000000e+00
4.100000000000000000e+01 2.590000000000000000e+02 3.899082960018963087e+06 3.000000000000000000e+00
2.370000000000000000e+02 2.550000000000000000e+02 3.901384438966018613e+06 1.400000000000000000e+01
1.900000000000000000e+01 2.800000000000000000e+01 4.000687925288849510e+06 2.000000000000000000e+00
2.150000000000000000e+02 2.490000000000000000e+02 4.016947975875955541e+06 2.400000000000000000e+01
2.100000000000000000e+01 2.900000000000000000e+01 4.117420181544749532e+06 2.000000000000000000e+00
4.600000000000000000e+01 2.610000000000000000e+02 4.157135798472575843e+06 6.000000000000000000e+00
6.000000000000000000e+00 2.650000000000000000e+02 4.332005131764529273e+06 4.000000000000000000e+00
1.500000000000000000e+01 2.770000000000000000e+02 4.505127617714742199e+06 5.000000000000000000e+00
3.400000000000000000e+01 2.700000000000000000e+02 4.572566397210408933e+06 4.000000000000000000e+00
1.000000000000000000e+00 1.100000000000000000e+01 4.765348353269465268e+06 2.000000000000000000e+00
2.630000000000000000e+02 2.640000000000000000e+02 5.038760513845303096e+06 1.900000000000000000e+01
2.500000000000000000e+01 3.000000000000000000e+01 5.250245242626671679e+06 2.000000000000000000e+00
1.400000000000000000e+01 2.690000000000000000e+02 5.332437710899105296e+06 3.000000000000000000e+00
2.680000000000000000e+02 2.730000000000000000e+02 5.559468068341356702e+06 4.000000000000000000e+00
2.620000000000000000e+02 2.790000000000000000e+02 5.943729806620381773e+06 1.200000000000000000e+01
2.660000000000000000e+02 2.740000000000000000e+02 6.109738265015366487e+06 5.300000000000000000e+01
2.400000000000000000e+01 2.800000000000000000e+02 6.139679575425912626e+06 3.000000000000000000e+00
5.000000000000000000e+00 2.670000000000000000e+02 6.566082148321151733e+06 3.000000000000000000e+00
2.600000000000000000e+02 2.760000000000000000e+02 6.788766155876971781e+06 1.100000000000000000e+01
2.580000000000000000e+02 2.720000000000000000e+02 6.828907700195143931e+06 2.900000000000000000e+01
1.200000000000000000e+01 2.830000000000000000e+02 6.905935655758534558e+06 4.000000000000000000e+00
5.800000000000000000e+01 2.890000000000000000e+02 6.966855665178528987e+06 1.200000000000000000e+01
2.710000000000000000e+02 2.780000000000000000e+02 7.000739914391767234e+06 8.000000000000000000e+00
8.000000000000000000e+00 2.910000000000000000e+02 7.005542269938373007e+06 5.000000000000000000e+00
2.600000000000000000e+01 2.840000000000000000e+02 8.745705393798934296e+06 5.000000000000000000e+00
2.700000000000000000e+01 2.880000000000000000e+02 8.786378817378500476e+06 4.000000000000000000e+00
7.000000000000000000e+00 2.960000000000000000e+02 9.939460479764983058e+06 5.000000000000000000e+00
2.870000000000000000e+02 2.940000000000000000e+02 1.017959385747348331e+07 8.000000000000000000e+00
2.750000000000000000e+02 2.850000000000000000e+02 1.119062255348232947e+07 1.400000000000000000e+01
2.810000000000000000e+02 2.920000000000000000e+02 1.145801438887047023e+07 3.100000000000000000e+01
2.930000000000000000e+02 2.950000000000000000e+02 1.214210864742006175e+07 1.300000000000000000e+01
2.860000000000000000e+02 2.900000000000000000e+02 1.375293412192110159e+07 8.200000000000000000e+01
2.820000000000000000e+02 2.970000000000000000e+02 1.385305531090807356e+07 7.000000000000000000e+00
2.990000000000000000e+02 3.000000000000000000e+02 1.938344778601181880e+07 4.500000000000000000e+01
3.010000000000000000e+02 3.030000000000000000e+02 2.828519491058837622e+07 2.000000000000000000e+01
3.020000000000000000e+02 3.040000000000000000e+02 3.260159407277507707e+07 1.270000000000000000e+02
2.980000000000000000e+02 3.050000000000000000e+02 4.684795085534744710e+07 2.800000000000000000e+01
3.060000000000000000e+02 3.070000000000000000e+02 8.373641294338431954e+07 1.550000000000000000e+02
