3.500000000000000000e+01 5.500000000000000000e+01 1.301852593651767265e+01 2.000000000000000000e+00
4.000000000000000000e+01 8.900000000000000000e+01 1.309795787240811116e+01 2.000000000000000000e+00
4.200000000000000000e+01 5.100000000000000000e+01 1.346041999745050433e+01 2.000000000000000000e+00
3.900000000000000000e+01 5.300000000000000000e+01 1.486371570288187627e+01 2.000000000000000000e+00
1.300000000000000000e+01 1.900000000000000000e+01 1.563507876360280235e+01 2.000000000000000000e+00
3.700000000000000000e+01 5.000000000000000000e+01 1.582227783727967463e+01 2.000000000000000000e+00
1.000000000000000000e+00 4.000000000000000000e+00 1.668731796885735719e+01 2.000000000000000000e+00
1.500000000000000000e+01 2.200000000000000000e+01 1.714979844172614776e+01 2.000000000000000000e+00
2.800000000000000000e+01 3.000000000000000000e+01 1.722968530388342856e+01 2.000000000000000000e+00
4.300000000000000000e+01 6.500000000000000000e+01 1.729768300788182245e+01 2.000000000000000000e+00
5.700000000000000000e+01 8.700000000000000000e+01 1.745918386133463684e+01 2.000000000000000000e+00
1.400000000000000000e+01 2.100000000000000000e+01 1.773032773952422048e+01 2.000000000000000000e+00
8.100000000000000000e+01 1.520000000000000000e+02 1.791490173904317373e+01 2.000000000000000000e+00
3.600000000000000000e+01 1.570000000000000000e+02 1.805962860847204254e+01 3.000000000000000000e+00
0.000000000000000000e+00 5.000000000000000000e+00 1.830896850763609507e+01 2.000000000000000000e+00
1.310000000000000000e+02 1.370000000000000000e+02 1.847414047855940566e+01 2.000000000000000000e+00
1.340000000000000000e+02 1.490000000000000000e+02 1.899578005769639688e+01 2.000000000000000000e+00
4.600000000000000000e+01 7.900000000000000000e+01 1.982191697425816201e+01 2.000000000000000000e+00
3.000000000000000000e+00 9.000000000000000000e+00 2.043790542918799247e+01 2.000000000000000000e+00
5.200000000000000000e+01 1.250000000000000000e+02 2.063350099127466208e+01 2.000000000000000000e+00
1.300000000000000000e+02 1.470000000000000000e+02 2.135554468625296209e+01 2.000000000000000000e+00
1.420000000000000000e+02 1.500000000000000000e+02 2.148171211053313812e+01 2.000000000000000000e+00
6.000000000000000000e+01 6.700000000000000000e+01 2.203953779532500334e+01 2.000000000000000000e+00
5.900000000000000000e+01 1.550000000000000000e+02 2.209800909397203483e+01 3.000000000000000000e+00
1.580000000000000000e+02 1.640000000000000000e+02 2.238017448424820088e+01 4.000000000000000000e+00
1.800000000000000000e+01 1.620000000000000000e+02 2.238451517592204709e+01 3.000000000000000000e+00
3.200000000000000000e+01 9.100000000000000000e+01 2.241998575330650212e+01 2.000000000000000000e+00
1.700000000000000000e+01 1.590000000000000000e+02 2.255838348889456313e+01 3.000000000000000000e+00
1.610000000000000000e+02 1.690000000000000000e+02 2.316463581653544423e+01 4.000000000000000000e+00
6.100000000000000000e+01 8.000000000000000000e+01 2.379008950184648796e+01 2.000000000000000000e+00
1.380000000000000000e+02 1.410000000000000000e+02 2.386168012899009483e+01 2.000000000000000000e+00
1.680000000000000000e+02 1.740000000000000000e+02 2.478225631885872815e+01 5.000000000000000000e+00
3.400000000000000000e+01 7.500000000000000000e+01 2.483487443356869306e+01 2.000000000000000000e+00
1.280000000000000000e+02 1.350000000000000000e+02 2.508843587422886401e+01 2.000000000000000000e+00
6.900000000000000000e+01 1.600000000000000000e+02 2.528647325893443565e+01 3.000000000000000000e+00
1.030000000000000000e+02 1.050000000000000000e+02 2.533151136950476712e+01 2.000000000000000000e+00
1.180000000000000000e+02 1.190000000000000000e+02 2.533167498489611802e+01 2.000000000000000000e+00
2.700000000000000000e+01 1.630000000000000000e+02 2.574705850234360938e+01 3.000000000000000000e+00
2.300000000000000000e+01 1.800000000000000000e+02 2.604880969909880761e+01 4.000000000000000000e+00
6.600000000000000000e+01 6.800000000000000000e+01 2.619875986331577522e+01 2.000000000000000000e+00
1.100000000000000000e+01 1.730000000000000000e+02 2.619925021598093196e+01 3.000000000000000000e+00
2.500000000000000000e+01 1.920000000000000000e+02 2.628807277561699252e+01 4.000000000000000000e+00
3.100000000000000000e+01 1.010000000000000000e+02 2.645952758920344650e+01 2.000000000000000000e+00
1.700000000000000000e+02 1.880000000000000000e+02 2.649771321374547739e+01 4.000000000000000000e+00
1.040000000000000000e+02 1.480000000000000000e+02 2.677491640732548461e+01 2.000000000000000000e+00
1.260000000000000000e+02 1.530000000000000000e+02 2.706113356547167825e+01 2.000000000000000000e+00
4.800000000000000000e+01 1.560000000000000000e+02 2.719508620965252987e+01 3.000000000000000000e+00
1.820000000000000000e+02 1.950000000000000000e+02 2.753847491786108392e+01 6.000000000000000000e+00
1.780000000000000000e+02 1.860000000000000000e+02 2.761517814196670173e+01 8.000000000000000000e+00
2.000000000000000000e+00 1.830000000000000000e+02 2.763170914895539809e+01 5.000000000000000000e+00
2.000000000000000000e+01 2.600000000000000000e+01 2.769819599327188442e+01 2.000000000000000000e+00
8.000000000000000000e+00 1.600000000000000000e+01 2.802828434770068000e+01 2.000000000000000000e+00
8.200000000000000000e+01 1.890000000000000000e+02 2.833407778222828100e+01 4.000000000000000000e+00
2.020000000000000000e+02 2.040000000000000000e+02 2.881909964753645781e+01 1.100000000000000000e+01
4.500000000000000000e+01 1.810000000000000000e+02 2.887038159663352843e+01 3.000000000000000000e+00
1.090000000000000000e+02 1.430000000000000000e+02 2.908343910912325114e+01 2.000000000000000000e+00
2.900000000000000000e+01 2.050000000000000000e+02 2.966092602616252805e+01 3.000000000000000000e+00
9.800000000000000000e+01 1.210000000000000000e+02 2.967103662303144063e+01 2.000000000000000000e+00
2.400000000000000000e+01 1.660000000000000000e+02 2.991391032318207266e+01 3.000000000000000000e+00
4.900000000000000000e+01 2.070000000000000000e+02 2.992363898373497122e+01 5.000000000000000000e+00
6.000000000000000000e+00 1.200000000000000000e+01 3.084232186086407168e+01 2.000000000000000000e+00
3.300000000000000000e+01 7.000000000000000000e+01 3.136576753621825020e+01 2.000000000000000000e+00
4.100000000000000000e+01 1.980000000000000000e+02 3.147191343231996541e+01 5.000000000000000000e+00
1.160000000000000000e+02 1.170000000000000000e+02 3.149257376330256264e+01 2.000000000000000000e+00
1.790000000000000000e+02 2.030000000000000000e+02 3.150644181371147923e+01 1.200000000000000000e+01
1.970000000000000000e+02 2.190000000000000000e+02 3.171121876566685316e+01 1.400000000000000000e+01
1.270000000000000000e+02 1.850000000000000000e+02 3.187393325317155757e+01 3.000000000000000000e+00
1.320000000000000000e+02 1.400000000000000000e+02 3.227338052063698370e+01 2.000000000000000000e+00
1.770000000000000000e+02 1.870000000000000000e+02 3.229605940666208141e+01 4.000000000000000000e+00
4.700000000000000000e+01 7.700000000000000000e+01 3.243794807907919875e+01 2.000000000000000000e+00
1.390000000000000000e+02 1.750000000000000000e+02 3.292738172868439506e+01 3.000000000000000000e+00
1.670000000000000000e+02 2.010000000000000000e+02 3.322681378265061625e+01 5.000000000000000000e+00
1.930000000000000000e+02 2.060000000000000000e+02 3.345779717443173951e+01 6.000000000000000000e+00
2.080000000000000000e+02 2.150000000000000000e+02 3.348290371811835087e+01 1.300000000000000000e+01
1.960000000000000000e+02 2.130000000000000000e+02 3.367993760615667753e+01 7.000000000000000000e+00
2.000000000000000000e+02 2.260000000000000000e+02 3.393687633472972465e+01 7.000000000000000000e+00
1.720000000000000000e+02 2.140000000000000000e+02 3.402660861177049867e+01 7.000000000000000000e+00
1.450000000000000000e+02 2.160000000000000000e+02 3.415751008452363635e+01 3.000000000000000000e+00
1.200000000000000000e+02 1.360000000000000000e+02 3.434818929182969782e+01 2.000000000000000000e+00
1.460000000000000000e+02 1.990000000000000000e+02 3.445225473404409655e+01 3.000000000000000000e+00
8.800000000000000000e+01 2.090000000000000000e+02 3.475211178522506117e+01 4.000000000000000000e+00
6.200000000000000000e+01 8.500000000000000000e+01 3.482164343047561772e+01 2.000000000000000000e+00
1.100000000000000000e+02 1.710000000000000000e+02 3.508242809476145396e+01 3.000000000000000000e+00
1.080000000000000000e+02 1.910000000000000000e+02 3.537756244515557569e+01 3.000000000000000000e+00
6.400000000000000000e+01 7.800000000000000000e+01 3.543139929272746258e+01 2.000000000000000000e+00
1.120000000000000000e+02 1.940000000000000000e+02 3.548872919811295645e+01 3.000000000000000000e+00
1.000000000000000000e+02 1.540000000000000000e+02 3.564516988581671342e+01 2.000000000000000000e+00
2.170000000000000000e+02 2.250000000000000000e+02 3.589246658492366038e+01 8.000000000000000000e+00
1.060000000000000000e+02 2.180000000000000000e+02 3.668577609410978368e+01 3.000000000000000000e+00
2.270000000000000000e+02 2.290000000000000000e+02 3.820880868938036201e+01 1.300000000000000000e+01
8.300000000000000000e+01 9.000000000000000000e+01 3.847731567561012156e+01 2.000000000000000000e+00
1.240000000000000000e+02 1.760000000000000000e+02 3.864425283526602328e+01 3.000000000000000000e+00
6.300000000000000000e+01 1.110000000000000000e+02 4.100606661389900864e+01 2.000000000000000000e+00
2.200000000000000000e+02 2.420000000000000000e+02 4.120244695114795519e+01 2.200000000000000000e+01
2.340000000000000000e+02 2.370000000000000000e+02 4.146091496883570215e+01 6.000000000000000000e+00
1.000000000000000000e+01 2.280000000000000000e+02 4.161528108166300655e+01 1.400000000000000000e+01
1.020000000000000000e+02 1.330000000000000000e+02 4.167115549435107624e+01 2.000000000000000000e+00
1.840000000000000000e+02 2.300000000000000000e+02 4.202588263219256959e+01 9.000000000000000000e+00
2.210000000000000000e+02 2.350000000000000000e+02 4.206392389357562678e+01 7.000000000000000000e+00
5.400000000000000000e+01 7.200000000000000000e+01 4.216679118687284245e+01 2.000000000000000000e+00
7.600000000000000000e+01 9.400000000000000000e+01 4.220763919609306214e+01 2.000000000000000000e+00
8.400000000000000000e+01 2.320000000000000000e+02 4.225918425412697133e+01 4.000000000000000000e+00
2.220000000000000000e+02 2.460000000000000000e+02 4.265128962368657994e+01 5.000000000000000000e+00
1.440000000000000000e+02 1.510000000000000000e+02 4.329808355451226021e+01 2.000000000000000000e+00
2.110000000000000000e+02 2.440000000000000000e+02 4.380432069483205026e+01 1.600000000000000000e+01
2.100000000000000000e+02 2.380000000000000000e+02 4.539184998817719219e+01 5.000000000000000000e+00
2.410000000000000000e+02 2.510000000000000000e+02 4.621212169162605221e+01 4.000000000000000000e+00
2.490000000000000000e+02 2.570000000000000000e+02 4.746325996299661654e+01 1.100000000000000000e+01
1.650000000000000000e+02 2.230000000000000000e+02 4.768892425152404968e+01 6.000000000000000000e+00
1.290000000000000000e+02 2.120000000000000000e+02 4.802410480465158571e+01 3.000000000000000000e+00
2.500000000000000000e+02 2.590000000000000000e+02 4.870708192323661478e+01 3.000000000000000000e+01
9.200000000000000000e+01 9.300000000000000000e+01 4.934713528907286673e+01 2.000000000000000000e+00
2.400000000000000000e+02 2.520000000000000000e+02 5.037729626708821229e+01 1.200000000000000000e+01
5.800000000000000000e+01 2.560000000000000000e+02 5.038947175310094906e+01 5.000000000000000000e+00
7.100000000000000000e+01 2.450000000000000000e+02 5.279257770255945559e+01 3.000000000000000000e+00
2.240000000000000000e+02 2.390000000000000000e+02 5.467777338638295248e+01 4.000000000000000000e+00
1.230000000000000000e+02 2.680000000000000000e+02 5.518238227633437276e+01 6.000000000000000000e+00
2.530000000000000000e+02 2.630000000000000000e+02 5.578352378390363953e+01 1.300000000000000000e+01
2.310000000000000000e+02 2.360000000000000000e+02 5.600256014719419539e+01 9.000000000000000000e+00
2.600000000000000000e+02 2.640000000000000000e+02 5.617226876400167157e+01 8.000000000000000000e+00
2.480000000000000000e+02 2.670000000000000000e+02 5.802736897491246282e+01 3.400000000000000000e+01
9.600000000000000000e+01 1.150000000000000000e+02 5.907053460389639810e+01 2.000000000000000000e+00
2.620000000000000000e+02 2.730000000000000000e+02 5.998377800490204237e+01 2.000000000000000000e+01
2.660000000000000000e+02 2.690000000000000000e+02 6.013978387236679168e+01 5.000000000000000000e+00
5.600000000000000000e+01 2.540000000000000000e+02 6.118792017129781868e+01 3.000000000000000000e+00
2.470000000000000000e+02 2.740000000000000000e+02 6.229455058476309404e+01 1.000000000000000000e+01
2.700000000000000000e+02 2.710000000000000000e+02 6.330794446723815128e+01 1.000000000000000000e+01
7.000000000000000000e+00 2.650000000000000000e+02 6.602716484760181004e+01 3.100000000000000000e+01
1.220000000000000000e+02 2.330000000000000000e+02 6.605907183873446797e+01 3.000000000000000000e+00
9.700000000000000000e+01 9.900000000000000000e+01 6.613096625398392803e+01 2.000000000000000000e+00
2.750000000000000000e+02 2.770000000000000000e+02 6.720716135267518609e+01 5.400000000000000000e+01
3.800000000000000000e+01 2.800000000000000000e+02 6.805498700640585241e+01 1.100000000000000000e+01
8.600000000000000000e+01 2.550000000000000000e+02 7.036016437119232592e+01 3.000000000000000000e+00
2.720000000000000000e+02 2.860000000000000000e+02 7.077554595685649019e+01 2.400000000000000000e+01
9.500000000000000000e+01 2.780000000000000000e+02 7.090286461381475647e+01 6.000000000000000000e+00
1.070000000000000000e+02 2.580000000000000000e+02 7.274439438114013967e+01 3.000000000000000000e+00
2.850000000000000000e+02 2.880000000000000000e+02 7.734293255540364953e+01 7.800000000000000000e+01
1.140000000000000000e+02 2.900000000000000000e+02 7.810656508450641411e+01 4.000000000000000000e+00
2.610000000000000000e+02 2.820000000000000000e+02 7.944669002495606946e+01 3.500000000000000000e+01
1.900000000000000000e+02 2.430000000000000000e+02 7.977821786577700891e+01 5.000000000000000000e+00
4.400000000000000000e+01 7.300000000000000000e+01 8.360942749272086871e+01 2.000000000000000000e+00
2.840000000000000000e+02 2.930000000000000000e+02 8.410214163602579163e+01 3.700000000000000000e+01
2.790000000000000000e+02 2.810000000000000000e+02 9.357689916907372663e+01 1.300000000000000000e+01
7.400000000000000000e+01 2.830000000000000000e+02 9.955876695925893216e+01 4.000000000000000000e+00
2.910000000000000000e+02 2.970000000000000000e+02 1.043505224233207116e+02 9.100000000000000000e+01
2.920000000000000000e+02 2.950000000000000000e+02 1.075782473243554591e+02 6.000000000000000000e+00
2.870000000000000000e+02 2.890000000000000000e+02 1.077226023533551142e+02 9.000000000000000000e+00
2.940000000000000000e+02 2.990000000000000000e+02 1.218788840307618671e+02 9.600000000000000000e+01
2.960000000000000000e+02 3.000000000000000000e+02 1.287800530540920079e+02 4.300000000000000000e+01
3.020000000000000000e+02 3.030000000000000000e+02 1.444487204657260122e+02 1.390000000000000000e+02
1.130000000000000000e+02 3.010000000000000000e+02 1.703364895173322680e+02 1.000000000000000000e+01
2.980000000000000000e+02 3.040000000000000000e+02 1.719460648887115042e+02 1.430000000000000000e+02
2.760000000000000000e+02 3.060000000000000000e+02 1.782404553934842397e+02 1.450000000000000000e+02
3.050000000000000000e+02 3.070000000000000000e+02 1.948023632616024088e+02 1.550000000000000000e+02
