1.220000000000000000e+02 1.350000000000000000e+02 3.265997703890253251e+04 2.000000000000000000e+00
1.340000000000000000e+02 1.520000000000000000e+02 3.343351002719100507e+04 2.000000000000000000e+00
1.460000000000000000e+02 1.530000000000000000e+02 3.407623060507133050e+04 2.000000000000000000e+00
1.420000000000000000e+02 1.560000000000000000e+02 3.506327148624969414e+04 3.000000000000000000e+00
4.900000000000000000e+01 1.500000000000000000e+02 3.751084356399910030e+04 2.000000000000000000e+00
1.250000000000000000e+02 1.320000000000000000e+02 3.832926836609940801e+04 2.000000000000000000e+00
5.300000000000000000e+01 1.310000000000000000e+02 3.856198930010289041e+04 2.000000000000000000e+00
1.280000000000000000e+02 1.570000000000000000e+02 4.061227136889554822e+04 3.000000000000000000e+00
1.470000000000000000e+02 1.580000000000000000e+02 4.281454471168087912e+04 4.000000000000000000e+00
6.200000000000000000e+01 1.240000000000000000e+02 4.292524824686151260e+04 2.000000000000000000e+00
5.400000000000000000e+01 9.100000000000000000e+01 4.405988543652476801e+04 2.000000000000000000e+00
3.200000000000000000e+01 1.410000000000000000e+02 4.542066152094220888e+04 2.000000000000000000e+00
4.000000000000000000e+01 1.610000000000000000e+02 4.856518063579486625e+04 3.000000000000000000e+00
5.700000000000000000e+01 1.290000000000000000e+02 4.922543186461458390e+04 2.000000000000000000e+00
6.500000000000000000e+01 1.300000000000000000e+02 4.925579828471022483e+04 2.000000000000000000e+00
8.100000000000000000e+01 1.640000000000000000e+02 5.281563935577578377e+04 3.000000000000000000e+00
7.900000000000000000e+01 1.690000000000000000e+02 5.436938793327387975e+04 3.000000000000000000e+00
3.700000000000000000e+01 1.370000000000000000e+02 5.452354127461824828e+04 2.000000000000000000e+00
5.900000000000000000e+01 1.550000000000000000e+02 5.577610666156586376e+04 3.000000000000000000e+00
4.800000000000000000e+01 1.620000000000000000e+02 5.599477193694368907e+04 4.000000000000000000e+00
4.200000000000000000e+01 1.110000000000000000e+02 5.670039991343756265e+04 2.000000000000000000e+00
1.330000000000000000e+02 1.680000000000000000e+02 5.810719675612254650e+04 3.000000000000000000e+00
8.700000000000000000e+01 1.060000000000000000e+02 5.894429984812728071e+04 2.000000000000000000e+00
8.500000000000000000e+01 1.670000000000000000e+02 5.904201970028039068e+04 4.000000000000000000e+00
6.600000000000000000e+01 1.630000000000000000e+02 5.916533974417742138e+04 5.000000000000000000e+00
1.260000000000000000e+02 1.590000000000000000e+02 5.995782057917238853e+04 3.000000000000000000e+00
5.600000000000000000e+01 9.800000000000000000e+01 6.067486724413782940e+04 2.000000000000000000e+00
1.380000000000000000e+02 1.450000000000000000e+02 6.300117696553746646e+04 2.000000000000000000e+00
1.080000000000000000e+02 1.720000000000000000e+02 6.605289090619503986e+04 3.000000000000000000e+00
5.000000000000000000e+01 1.700000000000000000e+02 7.148666959435369063e+04 4.000000000000000000e+00
6.700000000000000000e+01 1.820000000000000000e+02 7.164804629350340110e+04 3.000000000000000000e+00
1.010000000000000000e+02 1.780000000000000000e+02 7.202611528499811538e+04 5.000000000000000000e+00
3.100000000000000000e+01 1.790000000000000000e+02 7.218211979186271492e+04 6.000000000000000000e+00
1.170000000000000000e+02 1.810000000000000000e+02 7.218679630164444097e+04 3.000000000000000000e+00
1.660000000000000000e+02 1.760000000000000000e+02 7.284227486893712194e+04 5.000000000000000000e+00
7.000000000000000000e+01 8.300000000000000000e+01 7.293115358148781525e+04 2.000000000000000000e+00
4.100000000000000000e+01 1.800000000000000000e+02 7.477197863463692192e+04 4.000000000000000000e+00
6.100000000000000000e+01 1.400000000000000000e+02 7.483895750583747576e+04 2.000000000000000000e+00
5.200000000000000000e+01 8.200000000000000000e+01 7.528402947416661482e+04 2.000000000000000000e+00
6.900000000000000000e+01 1.710000000000000000e+02 7.534245529647769581e+04 4.000000000000000000e+00
7.800000000000000000e+01 9.500000000000000000e+01 7.668805498836463084e+04 2.000000000000000000e+00
6.400000000000000000e+01 1.000000000000000000e+02 7.847905306025534810e+04 2.000000000000000000e+00
6.300000000000000000e+01 1.830000000000000000e+02 8.001298720018960012e+04 4.000000000000000000e+00
1.770000000000000000e+02 1.850000000000000000e+02 8.062412641043077747e+04 5.000000000000000000e+00
1.600000000000000000e+02 1.920000000000000000e+02 8.114410672635404626e+04 4.000000000000000000e+00
4.600000000000000000e+01 1.880000000000000000e+02 8.215840003072767286e+04 4.000000000000000000e+00
5.800000000000000000e+01 7.200000000000000000e+01 8.239646909227967262e+04 2.000000000000000000e+00
3.500000000000000000e+01 1.870000000000000000e+02 8.276127401002222905e+04 7.000000000000000000e+00
1.900000000000000000e+02 1.950000000000000000e+02 8.297107016407413175e+04 4.000000000000000000e+00
4.300000000000000000e+01 1.840000000000000000e+02 8.320802637775243784e+04 5.000000000000000000e+00
1.750000000000000000e+02 1.930000000000000000e+02 8.432681162434302678e+04 4.000000000000000000e+00
8.800000000000000000e+01 2.000000000000000000e+02 8.433000109636574052e+04 5.000000000000000000e+00
1.160000000000000000e+02 1.650000000000000000e+02 8.737054191922214522e+04 3.000000000000000000e+00
3.600000000000000000e+01 5.100000000000000000e+01 8.816553716775124485e+04 2.000000000000000000e+00
1.740000000000000000e+02 1.910000000000000000e+02 8.924160812002033344e+04 8.000000000000000000e+00
1.190000000000000000e+02 1.940000000000000000e+02 9.050251454048855521e+04 5.000000000000000000e+00
2.100000000000000000e+01 8.600000000000000000e+01 9.232039455190142326e+04 2.000000000000000000e+00
6.800000000000000000e+01 2.050000000000000000e+02 9.582423257992631989e+04 5.000000000000000000e+00
7.300000000000000000e+01 9.700000000000000000e+01 9.882975270280137192e+04 2.000000000000000000e+00
1.970000000000000000e+02 2.100000000000000000e+02 1.011875878489113384e+05 9.000000000000000000e+00
1.400000000000000000e+01 2.200000000000000000e+01 1.046051925815886498e+05 2.000000000000000000e+00
1.430000000000000000e+02 2.060000000000000000e+02 1.049167104766361008e+05 6.000000000000000000e+00
7.400000000000000000e+01 1.860000000000000000e+02 1.055976669162021717e+05 6.000000000000000000e+00
8.000000000000000000e+01 1.390000000000000000e+02 1.059053451658196864e+05 2.000000000000000000e+00
5.500000000000000000e+01 8.900000000000000000e+01 1.059248826166522776e+05 2.000000000000000000e+00
2.500000000000000000e+01 2.110000000000000000e+02 1.066390142911267903e+05 3.000000000000000000e+00
2.020000000000000000e+02 2.080000000000000000e+02 1.090286157909378671e+05 9.000000000000000000e+00
1.090000000000000000e+02 1.270000000000000000e+02 1.153342718418808654e+05 2.000000000000000000e+00
1.980000000000000000e+02 2.070000000000000000e+02 1.162676602211284771e+05 8.000000000000000000e+00
1.540000000000000000e+02 2.030000000000000000e+02 1.210230233187326958e+05 5.000000000000000000e+00
2.040000000000000000e+02 2.120000000000000000e+02 1.221011180609104049e+05 1.000000000000000000e+01
1.050000000000000000e+02 2.140000000000000000e+02 1.242611095708128996e+05 1.000000000000000000e+01
3.800000000000000000e+01 2.240000000000000000e+02 1.250803738051074033e+05 6.000000000000000000e+00
9.200000000000000000e+01 1.140000000000000000e+02 1.255894855596311972e+05 2.000000000000000000e+00
2.300000000000000000e+01 4.400000000000000000e+01 1.285980995611910330e+05 2.000000000000000000e+00
9.300000000000000000e+01 9.400000000000000000e+01 1.317923488545878208e+05 2.000000000000000000e+00
3.400000000000000000e+01 1.070000000000000000e+02 1.361385170017276541e+05 2.000000000000000000e+00
1.210000000000000000e+02 2.260000000000000000e+02 1.378026867828868562e+05 1.100000000000000000e+01
3.900000000000000000e+01 2.190000000000000000e+02 1.383749266293013934e+05 3.000000000000000000e+00
1.480000000000000000e+02 2.210000000000000000e+02 1.385283699251762591e+05 1.000000000000000000e+01
4.700000000000000000e+01 8.400000000000000000e+01 1.391431916878368938e+05 2.000000000000000000e+00
1.890000000000000000e+02 2.220000000000000000e+02 1.414152154320876580e+05 7.000000000000000000e+00
6.000000000000000000e+00 2.130000000000000000e+02 1.441472476168363937e+05 3.000000000000000000e+00
4.500000000000000000e+01 2.160000000000000000e+02 1.449654791967607161e+05 7.000000000000000000e+00
1.600000000000000000e+01 2.150000000000000000e+02 1.456924305852117250e+05 3.000000000000000000e+00
2.170000000000000000e+02 2.330000000000000000e+02 1.473838408962900867e+05 9.000000000000000000e+00
7.500000000000000000e+01 2.310000000000000000e+02 1.550389352237775456e+05 3.000000000000000000e+00
4.000000000000000000e+00 1.300000000000000000e+01 1.626734578934129677e+05 2.000000000000000000e+00
7.600000000000000000e+01 1.510000000000000000e+02 1.636716538109245303e+05 2.000000000000000000e+00
3.000000000000000000e+00 1.200000000000000000e+01 1.644591220221988915e+05 2.000000000000000000e+00
7.100000000000000000e+01 1.440000000000000000e+02 1.645839626446882030e+05 2.000000000000000000e+00
9.600000000000000000e+01 2.090000000000000000e+02 1.680316528538505081e+05 9.000000000000000000e+00
2.180000000000000000e+02 2.340000000000000000e+02 1.688635776243367582e+05 1.200000000000000000e+01
1.500000000000000000e+01 2.440000000000000000e+02 1.704588602399931988e+05 3.000000000000000000e+00
1.490000000000000000e+02 2.470000000000000000e+02 1.745338381271716207e+05 1.300000000000000000e+01
9.000000000000000000e+01 2.350000000000000000e+02 1.752755701642909262e+05 3.000000000000000000e+00
1.230000000000000000e+02 2.300000000000000000e+02 1.754438757235777448e+05 3.000000000000000000e+00
2.400000000000000000e+01 2.510000000000000000e+02 1.819618081844653061e+05 4.000000000000000000e+00
2.360000000000000000e+02 2.380000000000000000e+02 1.896893735237170768e+05 1.400000000000000000e+01
1.040000000000000000e+02 2.460000000000000000e+02 1.904517779629008728e+05 1.000000000000000000e+01
2.230000000000000000e+02 2.410000000000000000e+02 1.937989504779956769e+05 1.100000000000000000e+01
1.990000000000000000e+02 2.540000000000000000e+02 2.054423247138419538e+05 1.400000000000000000e+01
2.250000000000000000e+02 2.320000000000000000e+02 2.101055734100572881e+05 2.100000000000000000e+01
9.000000000000000000e+00 2.480000000000000000e+02 2.249249714710823318e+05 4.000000000000000000e+00
2.900000000000000000e+01 2.390000000000000000e+02 2.313797440385684895e+05 4.000000000000000000e+00
1.180000000000000000e+02 2.570000000000000000e+02 2.387561932566348696e+05 2.200000000000000000e+01
2.010000000000000000e+02 2.270000000000000000e+02 2.416099653864348948e+05 8.000000000000000000e+00
1.100000000000000000e+02 2.490000000000000000e+02 2.466597750105199520e+05 1.400000000000000000e+01
1.700000000000000000e+01 1.800000000000000000e+01 2.538141335157357680e+05 2.000000000000000000e+00
1.130000000000000000e+02 1.960000000000000000e+02 2.539671262658536434e+05 3.000000000000000000e+00
2.800000000000000000e+01 3.000000000000000000e+01 2.572771532248831354e+05 2.000000000000000000e+00
9.900000000000000000e+01 2.290000000000000000e+02 2.597852432913301745e+05 3.000000000000000000e+00
5.000000000000000000e+00 2.590000000000000000e+02 2.649646115018625860e+05 5.000000000000000000e+00
7.700000000000000000e+01 2.500000000000000000e+02 2.857619961774107651e+05 4.000000000000000000e+00
7.000000000000000000e+00 1.000000000000000000e+01 3.014196590913571999e+05 2.000000000000000000e+00
1.120000000000000000e+02 1.730000000000000000e+02 3.064709898024250288e+05 4.000000000000000000e+00
2.400000000000000000e+02 2.620000000000000000e+02 3.067485902242652373e+05 2.300000000000000000e+01
8.000000000000000000e+00 2.420000000000000000e+02 3.210279074905282469e+05 3.000000000000000000e+00
1.900000000000000000e+01 2.580000000000000000e+02 3.226121454910668544e+05 5.000000000000000000e+00
3.300000000000000000e+01 2.640000000000000000e+02 3.269559162805264350e+05 4.000000000000000000e+00
0.000000000000000000e+00 2.630000000000000000e+02 3.290476036463422934e+05 3.000000000000000000e+00
2.370000000000000000e+02 2.670000000000000000e+02 3.345168201598739251e+05 8.000000000000000000e+00
2.430000000000000000e+02 2.520000000000000000e+02 3.370601454391625593e+05 6.000000000000000000e+00
2.280000000000000000e+02 2.450000000000000000e+02 3.467382536499139387e+05 4.000000000000000000e+00
2.530000000000000000e+02 2.550000000000000000e+02 3.650807199149352382e+05 2.500000000000000000e+01
1.030000000000000000e+02 2.600000000000000000e+02 3.739708915052516968e+05 2.300000000000000000e+01
2.650000000000000000e+02 2.660000000000000000e+02 3.913483845380314160e+05 5.000000000000000000e+00
2.000000000000000000e+00 1.100000000000000000e+01 3.920238866910328506e+05 2.000000000000000000e+00
1.200000000000000000e+02 1.360000000000000000e+02 3.984036986594566843e+05 2.000000000000000000e+00
2.000000000000000000e+01 2.700000000000000000e+01 3.988954347359170206e+05 2.000000000000000000e+00
6.000000000000000000e+01 2.790000000000000000e+02 4.043916678046703455e+05 2.600000000000000000e+01
1.020000000000000000e+02 2.610000000000000000e+02 4.399981190084306290e+05 9.000000000000000000e+00
2.560000000000000000e+02 2.710000000000000000e+02 4.710955325860496960e+05 3.700000000000000000e+01
2.680000000000000000e+02 2.860000000000000000e+02 4.830086606120819924e+05 1.300000000000000000e+01
2.600000000000000000e+01 2.760000000000000000e+02 5.018543756506404607e+05 9.000000000000000000e+00
1.150000000000000000e+02 2.700000000000000000e+02 5.250598727775204461e+05 5.000000000000000000e+00
2.720000000000000000e+02 2.730000000000000000e+02 5.493699076627033064e+05 8.000000000000000000e+00
2.740000000000000000e+02 2.880000000000000000e+02 6.239423077630099142e+05 1.700000000000000000e+01
2.770000000000000000e+02 2.780000000000000000e+02 6.291692144832537742e+05 1.000000000000000000e+01
2.840000000000000000e+02 2.890000000000000000e+02 6.783120473487867275e+05 1.100000000000000000e+01
2.800000000000000000e+02 2.850000000000000000e+02 6.953792003928020131e+05 4.900000000000000000e+01
1.000000000000000000e+00 2.690000000000000000e+02 8.109420831512254663e+05 3.000000000000000000e+00
2.830000000000000000e+02 2.900000000000000000e+02 8.586404987773122266e+05 7.000000000000000000e+00
2.200000000000000000e+02 2.930000000000000000e+02 8.916664091465504607e+05 1.300000000000000000e+01
2.810000000000000000e+02 2.940000000000000000e+02 8.972964035355969099e+05 1.600000000000000000e+01
2.750000000000000000e+02 2.910000000000000000e+02 9.541592241526101716e+05 1.100000000000000000e+01
2.870000000000000000e+02 2.950000000000000000e+02 1.082229981585385511e+06 8.600000000000000000e+01
2.920000000000000000e+02 2.980000000000000000e+02 1.545251910740626976e+06 3.000000000000000000e+01
2.970000000000000000e+02 3.010000000000000000e+02 1.710824289543065941e+06 9.300000000000000000e+01
2.820000000000000000e+02 3.000000000000000000e+02 1.716963348547957838e+06 1.300000000000000000e+01
2.990000000000000000e+02 3.040000000000000000e+02 2.438775628474550787e+06 2.900000000000000000e+01
3.020000000000000000e+02 3.030000000000000000e+02 2.636836481483654119e+06 1.230000000000000000e+02
2.960000000000000000e+02 3.050000000000000000e+02 4.828409313099017367e+06 3.200000000000000000e+01
3.060000000000000000e+02 3.070000000000000000e+02 6.676479441727221012e+06 1.550000000000000000e+02
