9.600000000000000000e+01 1.430000000000000000e+02 1.807021864307550624e-04 2.000000000000000000e+00
1.140000000000000000e+02 1.230000000000000000e+02 2.138329988362068414e-04 2.000000000000000000e+00
1.070000000000000000e+02 1.530000000000000000e+02 2.155590602011111460e-04 2.000000000000000000e+00
1.190000000000000000e+02 1.550000000000000000e+02 2.248861820019218221e-04 3.000000000000000000e+00
1.060000000000000000e+02 1.180000000000000000e+02 3.685270087115864149e-04 2.000000000000000000e+00
1.330000000000000000e+02 1.340000000000000000e+02 3.835032828845550724e-04 2.000000000000000000e+00
1.010000000000000000e+02 1.500000000000000000e+02 4.145950596391600627e-04 2.000000000000000000e+00
1.160000000000000000e+02 1.290000000000000000e+02 4.179326848686648003e-04 2.000000000000000000e+00
1.560000000000000000e+02 1.570000000000000000e+02 4.413239348964326518e-04 4.000000000000000000e+00
1.490000000000000000e+02 1.590000000000000000e+02 5.138265320712687677e-04 3.000000000000000000e+00
1.460000000000000000e+02 1.610000000000000000e+02 5.330964960661101117e-04 3.000000000000000000e+00
1.380000000000000000e+02 1.620000000000000000e+02 5.362596489054162474e-04 3.000000000000000000e+00
9.700000000000000000e+01 1.600000000000000000e+02 5.448200258361475708e-04 3.000000000000000000e+00
1.520000000000000000e+02 1.650000000000000000e+02 5.628051404362133204e-04 4.000000000000000000e+00
1.090000000000000000e+02 1.640000000000000000e+02 6.881897517989273320e-04 4.000000000000000000e+00
1.200000000000000000e+02 1.670000000000000000e+02 7.021084735113055850e-04 4.000000000000000000e+00
1.580000000000000000e+02 1.630000000000000000e+02 7.277542967413517042e-04 7.000000000000000000e+00
1.680000000000000000e+02 1.690000000000000000e+02 1.073761735967202011e-03 8.000000000000000000e+00
1.270000000000000000e+02 1.370000000000000000e+02 1.097073119581036104e-03 2.000000000000000000e+00
1.660000000000000000e+02 1.700000000000000000e+02 1.308690900089207534e-03 7.000000000000000000e+00
1.170000000000000000e+02 1.210000000000000000e+02 1.561128370351050560e-03 2.000000000000000000e+00
1.710000000000000000e+02 1.740000000000000000e+02 2.029987526492774749e-03 1.400000000000000000e+01
1.730000000000000000e+02 1.750000000000000000e+02 2.192381468596687685e-03 4.000000000000000000e+00
1.720000000000000000e+02 1.760000000000000000e+02 3.369574844822269179e-03 2.200000000000000000e+01
1.100000000000000000e+02 1.770000000000000000e+02 4.139437496224295313e-03 5.000000000000000000e+00
1.780000000000000000e+02 1.790000000000000000e+02 6.781442123803336011e-03 2.700000000000000000e+01
3.000000000000000000e+00 4.000000000000000000e+00 9.598985440642499034e-03 2.000000000000000000e+00
9.000000000000000000e+00 1.510000000000000000e+02 1.942992041249727228e-02 2.000000000000000000e+00
6.000000000000000000e+00 1.700000000000000000e+01 2.553098429299904479e-02 2.000000000000000000e+00
5.000000000000000000e+00 1.810000000000000000e+02 2.965509573441111116e-02 3.000000000000000000e+00
1.000000000000000000e+00 1.440000000000000000e+02 3.206585206621793277e-02 2.000000000000000000e+00
7.000000000000000000e+00 1.020000000000000000e+02 3.312368728933748341e-02 2.000000000000000000e+00
1.000000000000000000e+01 1.830000000000000000e+02 3.332618262654457597e-02 3.000000000000000000e+00
2.700000000000000000e+01 1.820000000000000000e+02 3.337809878352955562e-02 3.000000000000000000e+00
1.410000000000000000e+02 1.860000000000000000e+02 3.473058100134683579e-02 3.000000000000000000e+00
9.900000000000000000e+01 1.850000000000000000e+02 3.713563704785276254e-02 3.000000000000000000e+00
2.200000000000000000e+01 1.890000000000000000e+02 3.720376748364503938e-02 4.000000000000000000e+00
1.350000000000000000e+02 1.910000000000000000e+02 3.988331196937530687e-02 5.000000000000000000e+00
1.800000000000000000e+02 1.840000000000000000e+02 4.321396369869633797e-02 3.000000000000000000e+01
0.000000000000000000e+00 1.880000000000000000e+02 4.754827295457954989e-02 4.000000000000000000e+00
1.200000000000000000e+01 1.420000000000000000e+02 5.054068972918641933e-02 2.000000000000000000e+00
1.100000000000000000e+01 1.940000000000000000e+02 5.116236089274019128e-02 5.000000000000000000e+00
1.500000000000000000e+01 2.900000000000000000e+01 5.513833376308369116e-02 2.000000000000000000e+00
4.700000000000000000e+01 1.950000000000000000e+02 5.680136387218419347e-02 3.000000000000000000e+00
5.700000000000000000e+01 1.280000000000000000e+02 5.797206331285934683e-02 2.000000000000000000e+00
3.700000000000000000e+01 1.110000000000000000e+02 5.952175383702070638e-02 2.000000000000000000e+00
8.000000000000000000e+00 2.300000000000000000e+01 6.015177345105794660e-02 2.000000000000000000e+00
2.400000000000000000e+01 1.970000000000000000e+02 6.052177694439325739e-02 3.000000000000000000e+00
2.800000000000000000e+01 1.920000000000000000e+02 6.151136952423620630e-02 6.000000000000000000e+00
2.000000000000000000e+01 2.030000000000000000e+02 6.503729963635863920e-02 7.000000000000000000e+00
2.000000000000000000e+00 1.900000000000000000e+02 6.670928454768985938e-02 4.000000000000000000e+00
1.480000000000000000e+02 1.980000000000000000e+02 6.747749645786975392e-02 4.000000000000000000e+00
3.300000000000000000e+01 2.040000000000000000e+02 6.829129457519243773e-02 8.000000000000000000e+00
2.020000000000000000e+02 2.070000000000000000e+02 7.114517888736905660e-02 1.100000000000000000e+01
1.960000000000000000e+02 2.010000000000000000e+02 7.199914901328097194e-02 7.000000000000000000e+00
1.800000000000000000e+01 1.990000000000000000e+02 8.204066277209184910e-02 3.000000000000000000e+00
1.870000000000000000e+02 2.050000000000000000e+02 8.275933373250715652e-02 7.000000000000000000e+00
8.000000000000000000e+01 2.000000000000000000e+02 8.370274966047015763e-02 3.000000000000000000e+00
5.000000000000000000e+01 1.390000000000000000e+02 9.179869360627783414e-02 2.000000000000000000e+00
5.100000000000000000e+01 2.120000000000000000e+02 9.381840625973421333e-02 4.000000000000000000e+00
6.400000000000000000e+01 7.100000000000000000e+01 9.690519393246037338e-02 2.000000000000000000e+00
2.600000000000000000e+01 2.090000000000000000e+02 9.981663591699432847e-02 8.000000000000000000e+00
1.310000000000000000e+02 2.140000000000000000e+02 1.003139158739406456e-01 5.000000000000000000e+00
1.600000000000000000e+01 1.400000000000000000e+02 1.024559745059346882e-01 2.000000000000000000e+00
9.100000000000000000e+01 2.100000000000000000e+02 1.047030128462873716e-01 4.000000000000000000e+00
7.500000000000000000e+01 2.190000000000000000e+02 1.171164926787677529e-01 5.000000000000000000e+00
2.110000000000000000e+02 2.160000000000000000e+02 1.175408453302250189e-01 1.500000000000000000e+01
2.170000000000000000e+02 2.180000000000000000e+02 1.234692097624282836e-01 7.000000000000000000e+00
4.400000000000000000e+01 6.100000000000000000e+01 1.249934046241376606e-01 2.000000000000000000e+00
1.400000000000000000e+01 2.200000000000000000e+02 1.288510668903204981e-01 6.000000000000000000e+00
2.060000000000000000e+02 2.080000000000000000e+02 1.320518685616358934e-01 1.500000000000000000e+01
1.150000000000000000e+02 2.130000000000000000e+02 1.340722019706477863e-01 3.000000000000000000e+00
2.150000000000000000e+02 2.230000000000000000e+02 1.346233261365984979e-01 4.000000000000000000e+00
1.130000000000000000e+02 2.220000000000000000e+02 1.357507410302742357e-01 8.000000000000000000e+00
1.000000000000000000e+02 2.270000000000000000e+02 1.420617643967705956e-01 5.000000000000000000e+00
2.260000000000000000e+02 2.280000000000000000e+02 1.424724769249065826e-01 1.100000000000000000e+01
7.000000000000000000e+01 1.470000000000000000e+02 1.481018133787928015e-01 2.000000000000000000e+00
4.000000000000000000e+01 2.290000000000000000e+02 1.482912922273270095e-01 6.000000000000000000e+00
3.000000000000000000e+01 2.210000000000000000e+02 1.490021316033846854e-01 1.600000000000000000e+01
9.800000000000000000e+01 1.120000000000000000e+02 1.530577343470038987e-01 2.000000000000000000e+00
1.240000000000000000e+02 2.300000000000000000e+02 1.553945387606726070e-01 1.200000000000000000e+01
3.100000000000000000e+01 4.600000000000000000e+01 1.600149515329159777e-01 2.000000000000000000e+00
1.300000000000000000e+01 2.250000000000000000e+02 1.678047775951791720e-01 1.600000000000000000e+01
1.900000000000000000e+01 2.330000000000000000e+02 1.688797127833978617e-01 1.700000000000000000e+01
2.340000000000000000e+02 2.350000000000000000e+02 1.736699983915561962e-01 1.400000000000000000e+01
4.800000000000000000e+01 9.300000000000000000e+01 1.755345737530243644e-01 2.000000000000000000e+00
2.360000000000000000e+02 2.390000000000000000e+02 1.806128199220321251e-01 1.600000000000000000e+01
6.600000000000000000e+01 2.310000000000000000e+02 1.810807401558189311e-01 3.000000000000000000e+00
1.050000000000000000e+02 2.320000000000000000e+02 1.844914655433206041e-01 7.000000000000000000e+00
6.700000000000000000e+01 7.700000000000000000e+01 1.909714734501929412e-01 2.000000000000000000e+00
1.030000000000000000e+02 2.240000000000000000e+02 1.940330869289327020e-01 7.000000000000000000e+00
9.000000000000000000e+01 1.220000000000000000e+02 1.959315802990161393e-01 2.000000000000000000e+00
2.420000000000000000e+02 2.430000000000000000e+02 1.960833253956686395e-01 1.000000000000000000e+01
2.410000000000000000e+02 2.440000000000000000e+02 2.008741398912446963e-01 1.800000000000000000e+01
1.250000000000000000e+02 2.400000000000000000e+02 2.014389997563511558e-01 3.000000000000000000e+00
4.500000000000000000e+01 2.480000000000000000e+02 2.055494667813563547e-01 1.900000000000000000e+01
1.930000000000000000e+02 2.380000000000000000e+02 2.186836296499073684e-01 4.700000000000000000e+01
1.540000000000000000e+02 2.490000000000000000e+02 2.194946849454727789e-01 4.000000000000000000e+00
6.500000000000000000e+01 7.900000000000000000e+01 2.214534783259221873e-01 2.000000000000000000e+00
3.500000000000000000e+01 2.520000000000000000e+02 2.296068927782153324e-01 5.000000000000000000e+00
4.300000000000000000e+01 2.470000000000000000e+02 2.325774021031789540e-01 1.100000000000000000e+01
1.450000000000000000e+02 2.500000000000000000e+02 2.401509052203651962e-01 2.000000000000000000e+01
6.000000000000000000e+01 2.550000000000000000e+02 2.455512068422240068e-01 1.200000000000000000e+01
8.300000000000000000e+01 2.540000000000000000e+02 2.574901737365923315e-01 6.000000000000000000e+00
2.370000000000000000e+02 2.450000000000000000e+02 2.615488399887118121e-01 2.300000000000000000e+01
5.900000000000000000e+01 2.530000000000000000e+02 2.703400995083101721e-01 3.000000000000000000e+00
9.200000000000000000e+01 2.570000000000000000e+02 2.714625812886238831e-01 1.300000000000000000e+01
1.320000000000000000e+02 2.460000000000000000e+02 2.771241274953633593e-01 3.000000000000000000e+00
7.600000000000000000e+01 2.580000000000000000e+02 2.773886434851373095e-01 7.000000000000000000e+00
2.560000000000000000e+02 2.610000000000000000e+02 2.928269649356755600e-01 3.300000000000000000e+01
3.400000000000000000e+01 2.620000000000000000e+02 3.012280082486258892e-01 4.000000000000000000e+00
1.260000000000000000e+02 2.650000000000000000e+02 3.479996016963169403e-01 5.000000000000000000e+00
7.400000000000000000e+01 2.630000000000000000e+02 3.617761916585732207e-01 8.000000000000000000e+00
3.600000000000000000e+01 2.600000000000000000e+02 3.639550164291409651e-01 4.000000000000000000e+00
2.100000000000000000e+01 2.670000000000000000e+02 3.757980623717701585e-01 9.000000000000000000e+00
2.660000000000000000e+02 2.690000000000000000e+02 3.864050305901185478e-01 1.400000000000000000e+01
4.900000000000000000e+01 8.600000000000000000e+01 3.927828554986753651e-01 2.000000000000000000e+00
8.500000000000000000e+01 2.710000000000000000e+02 4.185792028810967347e-01 3.000000000000000000e+00
2.510000000000000000e+02 2.590000000000000000e+02 4.223263556271182884e-01 7.000000000000000000e+01
8.400000000000000000e+01 2.640000000000000000e+02 4.294761703721805546e-01 3.400000000000000000e+01
7.800000000000000000e+01 2.700000000000000000e+02 4.675300377979604849e-01 1.500000000000000000e+01
8.800000000000000000e+01 2.680000000000000000e+02 4.764305515365279131e-01 5.000000000000000000e+00
2.720000000000000000e+02 2.760000000000000000e+02 5.040638875798357788e-01 8.000000000000000000e+00
4.200000000000000000e+01 6.800000000000000000e+01 5.056281606040499144e-01 2.000000000000000000e+00
5.500000000000000000e+01 2.750000000000000000e+02 5.381295424445945441e-01 1.600000000000000000e+01
2.740000000000000000e+02 2.790000000000000000e+02 5.868500200306672188e-01 5.000000000000000000e+01
2.500000000000000000e+01 2.770000000000000000e+02 6.107271250869743540e-01 9.000000000000000000e+00
3.200000000000000000e+01 5.300000000000000000e+01 6.275911837230943036e-01 2.000000000000000000e+00
3.900000000000000000e+01 2.810000000000000000e+02 6.805572528258413412e-01 1.000000000000000000e+01
5.600000000000000000e+01 2.780000000000000000e+02 6.856231985863718847e-01 3.000000000000000000e+00
5.800000000000000000e+01 1.300000000000000000e+02 7.146237784813778138e-01 2.000000000000000000e+00
4.100000000000000000e+01 2.830000000000000000e+02 7.435949809260599119e-01 1.100000000000000000e+01
8.200000000000000000e+01 2.860000000000000000e+02 7.839332746330284207e-01 1.200000000000000000e+01
8.900000000000000000e+01 2.800000000000000000e+02 8.147410349627751680e-01 5.100000000000000000e+01
8.700000000000000000e+01 1.360000000000000000e+02 8.181052306184046774e-01 2.000000000000000000e+00
2.840000000000000000e+02 2.870000000000000000e+02 8.329461071077487455e-01 1.500000000000000000e+01
7.300000000000000000e+01 2.820000000000000000e+02 8.472732827011857371e-01 3.000000000000000000e+00
7.200000000000000000e+01 2.910000000000000000e+02 8.942838894240212610e-01 4.000000000000000000e+00
3.800000000000000000e+01 2.900000000000000000e+02 9.138578734174996887e-01 1.600000000000000000e+01
2.730000000000000000e+02 2.880000000000000000e+02 9.474950304163605175e-01 1.210000000000000000e+02
9.400000000000000000e+01 2.930000000000000000e+02 9.737244135390779043e-01 1.700000000000000000e+01
9.500000000000000000e+01 2.920000000000000000e+02 1.033474414630057847e+00 5.000000000000000000e+00
2.890000000000000000e+02 2.960000000000000000e+02 1.212069338165744359e+00 7.000000000000000000e+00
5.400000000000000000e+01 2.950000000000000000e+02 1.276357912169931774e+00 1.800000000000000000e+01
2.940000000000000000e+02 2.980000000000000000e+02 1.640395724869694094e+00 1.390000000000000000e+02
1.080000000000000000e+02 2.970000000000000000e+02 1.831236429715714875e+00 8.000000000000000000e+00
2.850000000000000000e+02 3.000000000000000000e+02 2.140135091222031161e+00 1.000000000000000000e+01
6.900000000000000000e+01 3.010000000000000000e+02 2.286372646565908440e+00 1.100000000000000000e+01
1.040000000000000000e+02 2.990000000000000000e+02 2.297278805828304460e+00 1.400000000000000000e+02
5.200000000000000000e+01 3.020000000000000000e+02 3.174210565994782574e+00 1.200000000000000000e+01
3.030000000000000000e+02 3.040000000000000000e+02 3.402052432448734454e+00 1.520000000000000000e+02
6.300000000000000000e+01 3.050000000000000000e+02 5.910230449772209127e+00 1.530000000000000000e+02
6.200000000000000000e+01 3.060000000000000000e+02 9.316447326467910628e+00 1.540000000000000000e+02
8.100000000000000000e+01 3.070000000000000000e+02 1.102252847702396684e+04 1.550000000000000000e+02
