9.700000000000000000e+01 1.530000000000000000e+02 8.275599031579247700e-03 2.000000000000000000e+00
1.060000000000000000e+02 1.290000000000000000e+02 8.625310996112082323e-03 2.000000000000000000e+00
1.090000000000000000e+02 1.500000000000000000e+02 1.105687948090123413e-02 2.000000000000000000e+00
1.010000000000000000e+02 1.560000000000000000e+02 1.197660768627852208e-02 3.000000000000000000e+00
1.140000000000000000e+02 1.430000000000000000e+02 1.277781441114171461e-02 2.000000000000000000e+00
1.170000000000000000e+02 1.550000000000000000e+02 1.313222612034124770e-02 3.000000000000000000e+00
1.070000000000000000e+02 1.190000000000000000e+02 1.446154122903088764e-02 2.000000000000000000e+00
1.370000000000000000e+02 1.380000000000000000e+02 1.464748756263844522e-02 2.000000000000000000e+00
1.160000000000000000e+02 1.580000000000000000e+02 1.611641723324722456e-02 4.000000000000000000e+00
1.330000000000000000e+02 1.630000000000000000e+02 2.045747424438632694e-02 5.000000000000000000e+00
1.340000000000000000e+02 1.610000000000000000e+02 2.133334719841818022e-02 3.000000000000000000e+00
1.270000000000000000e+02 1.520000000000000000e+02 2.224118091888949850e-02 2.000000000000000000e+00
1.100000000000000000e+02 1.640000000000000000e+02 2.290324143170583207e-02 6.000000000000000000e+00
1.180000000000000000e+02 1.570000000000000000e+02 2.454853011652104525e-02 3.000000000000000000e+00
1.230000000000000000e+02 1.620000000000000000e+02 2.584119007607033405e-02 3.000000000000000000e+00
1.460000000000000000e+02 1.600000000000000000e+02 2.755882361148509832e-02 4.000000000000000000e+00
1.490000000000000000e+02 1.650000000000000000e+02 3.007973908459189716e-02 4.000000000000000000e+00
1.590000000000000000e+02 1.680000000000000000e+02 3.445240057629777447e-02 5.000000000000000000e+00
9.600000000000000000e+01 1.210000000000000000e+02 3.812372518139223870e-02 2.000000000000000000e+00
1.660000000000000000e+02 1.700000000000000000e+02 4.638090733048064185e-02 6.000000000000000000e+00
1.670000000000000000e+02 1.720000000000000000e+02 5.338887914733638634e-02 1.100000000000000000e+01
1.710000000000000000e+02 1.730000000000000000e+02 6.613630582140481162e-02 6.000000000000000000e+00
1.200000000000000000e+02 1.750000000000000000e+02 6.806610545805544255e-02 1.200000000000000000e+01
1.740000000000000000e+02 1.770000000000000000e+02 9.110259832097188093e-02 1.800000000000000000e+01
1.410000000000000000e+02 1.470000000000000000e+02 1.165129077445619249e-01 2.000000000000000000e+00
9.000000000000000000e+00 9.900000000000000000e+01 1.233853542922439678e-01 2.000000000000000000e+00
8.000000000000000000e+00 1.500000000000000000e+01 1.281941280404369499e-01 2.000000000000000000e+00
1.760000000000000000e+02 1.780000000000000000e+02 1.320657741385034278e-01 2.400000000000000000e+01
1.350000000000000000e+02 1.400000000000000000e+02 1.411069514202780428e-01 2.000000000000000000e+00
1.110000000000000000e+02 1.790000000000000000e+02 1.503158026994117491e-01 3.000000000000000000e+00
7.000000000000000000e+00 2.700000000000000000e+01 1.515279233553088745e-01 2.000000000000000000e+00
1.200000000000000000e+01 1.510000000000000000e+02 1.581790500788467224e-01 2.000000000000000000e+00
5.700000000000000000e+01 1.480000000000000000e+02 1.630384423404416527e-01 2.000000000000000000e+00
2.000000000000000000e+00 1.100000000000000000e+01 1.703489966413458678e-01 2.000000000000000000e+00
2.000000000000000000e+01 1.860000000000000000e+02 1.729977146067626648e-01 3.000000000000000000e+00
3.300000000000000000e+01 1.440000000000000000e+02 1.760377584347628255e-01 2.000000000000000000e+00
1.600000000000000000e+01 4.700000000000000000e+01 1.764422174353062756e-01 2.000000000000000000e+00
1.280000000000000000e+02 1.420000000000000000e+02 1.768013354394505354e-01 2.000000000000000000e+00
4.000000000000000000e+00 5.000000000000000000e+00 1.841938684247950431e-01 2.000000000000000000e+00
0.000000000000000000e+00 1.810000000000000000e+02 1.873013500751646854e-01 3.000000000000000000e+00
5.100000000000000000e+01 1.240000000000000000e+02 1.876034795401216593e-01 2.000000000000000000e+00
1.690000000000000000e+02 1.820000000000000000e+02 1.990362194878367852e-01 2.700000000000000000e+01
3.700000000000000000e+01 7.000000000000000000e+01 1.996982610477737452e-01 2.000000000000000000e+00
4.400000000000000000e+01 6.400000000000000000e+01 2.008307064966248501e-01 2.000000000000000000e+00
1.020000000000000000e+02 1.910000000000000000e+02 2.109709141994009496e-01 3.000000000000000000e+00
4.500000000000000000e+01 1.450000000000000000e+02 2.147917952062961544e-01 2.000000000000000000e+00
7.700000000000000000e+01 1.310000000000000000e+02 2.187476331868183355e-01 2.000000000000000000e+00
2.800000000000000000e+01 1.900000000000000000e+02 2.218025534074083427e-01 3.000000000000000000e+00
8.000000000000000000e+01 1.950000000000000000e+02 2.395734252275693310e-01 3.000000000000000000e+00
5.000000000000000000e+01 1.870000000000000000e+02 2.397053458550185145e-01 3.000000000000000000e+00
7.100000000000000000e+01 1.390000000000000000e+02 2.425835232403815711e-01 2.000000000000000000e+00
1.840000000000000000e+02 2.010000000000000000e+02 2.465657163533092888e-01 5.000000000000000000e+00
9.100000000000000000e+01 2.000000000000000000e+02 2.507651099847041376e-01 3.000000000000000000e+00
6.600000000000000000e+01 1.830000000000000000e+02 2.568171571752310700e-01 3.000000000000000000e+00
1.000000000000000000e+00 1.700000000000000000e+01 2.601398367068923356e-01 2.000000000000000000e+00
2.300000000000000000e+01 2.400000000000000000e+01 2.735508653188539752e-01 2.000000000000000000e+00
1.920000000000000000e+02 2.030000000000000000e+02 2.777380523282453884e-01 5.000000000000000000e+00
1.800000000000000000e+01 2.040000000000000000e+02 2.795192408424051478e-01 4.000000000000000000e+00
1.800000000000000000e+02 1.880000000000000000e+02 2.801937048289980803e-01 4.000000000000000000e+00
9.300000000000000000e+01 1.970000000000000000e+02 2.815147370085173684e-01 3.000000000000000000e+00
6.700000000000000000e+01 7.600000000000000000e+01 2.931139375555659732e-01 2.000000000000000000e+00
4.000000000000000000e+01 1.980000000000000000e+02 2.938810429109242062e-01 3.000000000000000000e+00
6.100000000000000000e+01 1.000000000000000000e+02 2.984191891474360370e-01 2.000000000000000000e+00
1.990000000000000000e+02 2.070000000000000000e+02 3.212173853557996339e-01 6.000000000000000000e+00
2.200000000000000000e+01 1.890000000000000000e+02 3.233270327277804612e-01 4.000000000000000000e+00
2.900000000000000000e+01 1.850000000000000000e+02 3.320440989355555317e-01 3.000000000000000000e+00
7.500000000000000000e+01 2.110000000000000000e+02 3.383019857402623787e-01 6.000000000000000000e+00
4.600000000000000000e+01 2.140000000000000000e+02 3.399011162225749061e-01 4.000000000000000000e+00
2.020000000000000000e+02 2.100000000000000000e+02 3.449041716043330652e-01 5.000000000000000000e+00
7.300000000000000000e+01 1.120000000000000000e+02 3.474944679897752908e-01 2.000000000000000000e+00
2.050000000000000000e+02 2.160000000000000000e+02 3.535259936901764544e-01 5.000000000000000000e+00
3.000000000000000000e+00 1.930000000000000000e+02 3.591242113006773984e-01 3.000000000000000000e+00
4.200000000000000000e+01 6.500000000000000000e+01 3.602164775564571375e-01 2.000000000000000000e+00
4.800000000000000000e+01 9.000000000000000000e+01 3.677015329435288082e-01 2.000000000000000000e+00
1.320000000000000000e+02 2.170000000000000000e+02 3.709905687187635692e-01 3.000000000000000000e+00
8.300000000000000000e+01 2.250000000000000000e+02 3.868915326142923772e-01 6.000000000000000000e+00
9.200000000000000000e+01 2.080000000000000000e+02 3.873034021641761915e-01 4.000000000000000000e+00
6.000000000000000000e+00 2.090000000000000000e+02 3.927303212857374826e-01 3.000000000000000000e+00
3.500000000000000000e+01 7.900000000000000000e+01 3.958931821301292509e-01 2.000000000000000000e+00
2.600000000000000000e+01 2.130000000000000000e+02 3.965328040628760542e-01 5.000000000000000000e+00
1.030000000000000000e+02 2.210000000000000000e+02 4.082610651141849178e-01 7.000000000000000000e+00
1.260000000000000000e+02 2.290000000000000000e+02 4.146221108211463058e-01 4.000000000000000000e+00
2.150000000000000000e+02 2.220000000000000000e+02 4.169721820684330060e-01 6.000000000000000000e+00
2.100000000000000000e+01 2.190000000000000000e+02 4.174732488705936717e-01 5.000000000000000000e+00
1.300000000000000000e+01 3.000000000000000000e+01 4.209976074650967348e-01 2.000000000000000000e+00
7.800000000000000000e+01 2.240000000000000000e+02 4.342139508467391940e-01 3.000000000000000000e+00
2.500000000000000000e+01 1.130000000000000000e+02 4.394385745413831312e-01 2.000000000000000000e+00
1.250000000000000000e+02 2.330000000000000000e+02 4.466853385695669365e-01 3.000000000000000000e+00
4.900000000000000000e+01 2.280000000000000000e+02 4.474451703350788012e-01 3.000000000000000000e+00
7.200000000000000000e+01 1.360000000000000000e+02 4.584631347082353536e-01 2.000000000000000000e+00
2.410000000000000000e+02 2.420000000000000000e+02 4.624145692730491919e-01 5.000000000000000000e+00
1.940000000000000000e+02 2.340000000000000000e+02 4.713665223914276226e-01 8.000000000000000000e+00
1.050000000000000000e+02 2.400000000000000000e+02 4.784767703529755334e-01 4.000000000000000000e+00
2.300000000000000000e+02 2.310000000000000000e+02 4.901787728988297732e-01 1.000000000000000000e+01
2.060000000000000000e+02 2.350000000000000000e+02 4.932429316611561809e-01 1.200000000000000000e+01
9.800000000000000000e+01 2.120000000000000000e+02 5.029214403871086203e-01 5.000000000000000000e+00
5.900000000000000000e+01 2.430000000000000000e+02 5.259723409488578083e-01 4.000000000000000000e+00
8.200000000000000000e+01 2.470000000000000000e+02 5.285931539435166915e-01 5.000000000000000000e+00
1.300000000000000000e+02 2.440000000000000000e+02 5.321527529746108431e-01 3.000000000000000000e+00
8.600000000000000000e+01 2.270000000000000000e+02 5.418334754285778487e-01 3.000000000000000000e+00
3.600000000000000000e+01 2.520000000000000000e+02 5.566383396981613441e-01 6.000000000000000000e+00
2.360000000000000000e+02 2.450000000000000000e+02 5.576199748069996520e-01 9.000000000000000000e+00
2.200000000000000000e+02 2.390000000000000000e+02 5.604897398514468998e-01 5.000000000000000000e+00
2.230000000000000000e+02 2.380000000000000000e+02 5.759075316005569656e-01 1.000000000000000000e+01
1.900000000000000000e+01 2.460000000000000000e+02 5.771731314699415361e-01 9.000000000000000000e+00
8.500000000000000000e+01 8.700000000000000000e+01 5.935263792129278348e-01 2.000000000000000000e+00
3.100000000000000000e+01 4.300000000000000000e+01 5.999857637200668448e-01 2.000000000000000000e+00
4.100000000000000000e+01 2.510000000000000000e+02 6.047203412528984190e-01 5.000000000000000000e+00
1.150000000000000000e+02 2.370000000000000000e+02 6.111215928841990941e-01 7.000000000000000000e+00
7.400000000000000000e+01 2.550000000000000000e+02 6.242506238984751876e-01 7.000000000000000000e+00
6.800000000000000000e+01 2.600000000000000000e+02 6.259441561397207643e-01 3.000000000000000000e+00
1.000000000000000000e+01 2.260000000000000000e+02 6.432604175243249456e-01 4.000000000000000000e+00
5.300000000000000000e+01 2.540000000000000000e+02 6.668545772149528927e-01 4.000000000000000000e+00
2.610000000000000000e+02 2.630000000000000000e+02 6.736345910656745817e-01 9.000000000000000000e+00
8.800000000000000000e+01 2.640000000000000000e+02 6.797932509701618553e-01 8.000000000000000000e+00
3.200000000000000000e+01 2.530000000000000000e+02 6.900440600092750953e-01 4.000000000000000000e+00
2.560000000000000000e+02 2.620000000000000000e+02 7.213888072968275278e-01 1.400000000000000000e+01
3.900000000000000000e+01 2.670000000000000000e+02 7.337521120770380545e-01 5.000000000000000000e+00
6.000000000000000000e+01 2.480000000000000000e+02 7.345556477763027781e-01 1.100000000000000000e+01
9.400000000000000000e+01 2.730000000000000000e+02 7.560800973278992698e-01 1.200000000000000000e+01
1.400000000000000000e+01 2.180000000000000000e+02 7.590732291202697546e-01 7.000000000000000000e+00
2.570000000000000000e+02 2.590000000000000000e+02 7.760428308316437152e-01 1.400000000000000000e+01
8.900000000000000000e+01 2.740000000000000000e+02 7.929822769226758661e-01 1.300000000000000000e+01
5.600000000000000000e+01 2.650000000000000000e+02 7.984619390106852954e-01 4.000000000000000000e+00
3.800000000000000000e+01 2.690000000000000000e+02 8.497149966872808990e-01 9.000000000000000000e+00
2.680000000000000000e+02 2.770000000000000000e+02 8.571717674347353322e-01 2.200000000000000000e+01
2.500000000000000000e+02 2.750000000000000000e+02 8.648473587768575888e-01 1.200000000000000000e+01
5.800000000000000000e+01 2.700000000000000000e+02 8.666675395725775832e-01 5.000000000000000000e+00
5.400000000000000000e+01 2.710000000000000000e+02 8.855800722852075202e-01 1.500000000000000000e+01
5.500000000000000000e+01 2.790000000000000000e+02 9.103774827728357000e-01 1.000000000000000000e+01
9.500000000000000000e+01 2.800000000000000000e+02 9.440538206221887885e-01 2.300000000000000000e+01
2.720000000000000000e+02 2.840000000000000000e+02 9.477627682613343207e-01 1.500000000000000000e+01
1.540000000000000000e+02 2.830000000000000000e+02 9.667429634689627127e-01 1.600000000000000000e+01
8.400000000000000000e+01 2.870000000000000000e+02 1.011617664862881627e+00 1.700000000000000000e+01
6.900000000000000000e+01 2.820000000000000000e+02 1.025265907462457493e+00 6.000000000000000000e+00
1.080000000000000000e+02 2.850000000000000000e+02 1.112083534491006498e+00 2.400000000000000000e+01
2.320000000000000000e+02 2.760000000000000000e+02 1.131763467011115409e+00 1.700000000000000000e+01
3.400000000000000000e+01 2.880000000000000000e+02 1.131973009331324054e+00 1.800000000000000000e+01
1.040000000000000000e+02 2.860000000000000000e+02 1.156502002267718821e+00 1.600000000000000000e+01
2.490000000000000000e+02 2.900000000000000000e+02 1.159637396608687476e+00 3.600000000000000000e+01
1.220000000000000000e+02 2.890000000000000000e+02 1.187547828970052732e+00 7.000000000000000000e+00
2.920000000000000000e+02 2.930000000000000000e+02 1.487768162966607299e+00 3.400000000000000000e+01
2.780000000000000000e+02 2.950000000000000000e+02 1.519030367712368657e+00 1.100000000000000000e+01
2.580000000000000000e+02 2.910000000000000000e+02 1.582278888198073385e+00 2.700000000000000000e+01
5.200000000000000000e+01 2.960000000000000000e+02 1.627413981459204795e+00 3.500000000000000000e+01
1.960000000000000000e+02 2.660000000000000000e+02 1.692396464671454881e+00 3.100000000000000000e+01
6.300000000000000000e+01 2.970000000000000000e+02 1.854883210421777173e+00 1.200000000000000000e+01
2.810000000000000000e+02 2.940000000000000000e+02 2.136730936279535253e+00 4.800000000000000000e+01
2.990000000000000000e+02 3.020000000000000000e+02 2.866328717734145659e+00 8.300000000000000000e+01
2.980000000000000000e+02 3.000000000000000000e+02 4.301709413643520108e+00 5.800000000000000000e+01
3.010000000000000000e+02 3.030000000000000000e+02 4.965169856452146924e+00 9.500000000000000000e+01
3.040000000000000000e+02 3.050000000000000000e+02 8.345857189593916203e+00 1.530000000000000000e+02
6.200000000000000000e+01 3.060000000000000000e+02 1.286000936807118045e+01 1.540000000000000000e+02
8.100000000000000000e+01 3.070000000000000000e+02 1.082824487281699248e+02 1.550000000000000000e+02
