1.470000000000000000e+02 1.530000000000000000e+02 1.386047079172851772e+04 2.000000000000000000e+00
1.310000000000000000e+02 1.420000000000000000e+02 1.807260720811549618e+04 2.000000000000000000e+00
1.220000000000000000e+02 1.280000000000000000e+02 1.937572254746460021e+04 2.000000000000000000e+00
1.250000000000000000e+02 1.380000000000000000e+02 2.003674349057329528e+04 2.000000000000000000e+00
5.100000000000000000e+01 1.000000000000000000e+02 2.109174918733033701e+04 2.000000000000000000e+00
1.320000000000000000e+02 1.580000000000000000e+02 2.204889531788002205e+04 3.000000000000000000e+00
1.540000000000000000e+02 1.560000000000000000e+02 2.313675739288199838e+04 3.000000000000000000e+00
4.800000000000000000e+01 8.100000000000000000e+01 2.401993673696199039e+04 2.000000000000000000e+00
5.300000000000000000e+01 8.700000000000000000e+01 2.553344818535825834e+04 2.000000000000000000e+00
1.260000000000000000e+02 1.460000000000000000e+02 2.587515663260260771e+04 2.000000000000000000e+00
1.440000000000000000e+02 1.620000000000000000e+02 2.629908272883248719e+04 3.000000000000000000e+00
9.500000000000000000e+01 1.010000000000000000e+02 2.642992859090452475e+04 2.000000000000000000e+00
6.200000000000000000e+01 1.160000000000000000e+02 2.760492706913364600e+04 2.000000000000000000e+00
4.000000000000000000e+01 1.590000000000000000e+02 2.839283365554132615e+04 3.000000000000000000e+00
8.500000000000000000e+01 1.510000000000000000e+02 2.839827910691728903e+04 2.000000000000000000e+00
1.300000000000000000e+02 1.340000000000000000e+02 2.911410137562477394e+04 2.000000000000000000e+00
8.400000000000000000e+01 1.690000000000000000e+02 2.981655619267575821e+04 3.000000000000000000e+00
7.200000000000000000e+01 1.210000000000000000e+02 2.993399536604191235e+04 2.000000000000000000e+00
9.800000000000000000e+01 1.170000000000000000e+02 2.995974055053662596e+04 2.000000000000000000e+00
1.070000000000000000e+02 1.660000000000000000e+02 2.996992428192703301e+04 3.000000000000000000e+00
5.400000000000000000e+01 6.600000000000000000e+01 3.009715766311559128e+04 2.000000000000000000e+00
5.600000000000000000e+01 1.080000000000000000e+02 3.028358666216734491e+04 2.000000000000000000e+00
1.430000000000000000e+02 1.650000000000000000e+02 3.031234775758818432e+04 4.000000000000000000e+00
1.270000000000000000e+02 1.700000000000000000e+02 3.108761604235164850e+04 3.000000000000000000e+00
7.500000000000000000e+01 8.600000000000000000e+01 3.213477256293989922e+04 2.000000000000000000e+00
4.900000000000000000e+01 6.400000000000000000e+01 3.300422726653265272e+04 2.000000000000000000e+00
1.600000000000000000e+02 1.610000000000000000e+02 3.312239667048689444e+04 6.000000000000000000e+00
1.120000000000000000e+02 1.750000000000000000e+02 3.337221076579677174e+04 3.000000000000000000e+00
3.200000000000000000e+01 3.700000000000000000e+01 3.342723426199436653e+04 2.000000000000000000e+00
1.110000000000000000e+02 1.670000000000000000e+02 3.353471190425536770e+04 3.000000000000000000e+00
7.900000000000000000e+01 1.680000000000000000e+02 3.361276500833174214e+04 4.000000000000000000e+00
1.630000000000000000e+02 1.760000000000000000e+02 3.379781403644623060e+04 4.000000000000000000e+00
1.370000000000000000e+02 1.400000000000000000e+02 3.398471547829442716e+04 2.000000000000000000e+00
4.600000000000000000e+01 1.830000000000000000e+02 3.438647036356382887e+04 3.000000000000000000e+00
5.500000000000000000e+01 1.710000000000000000e+02 3.455249935152577382e+04 4.000000000000000000e+00
5.700000000000000000e+01 7.300000000000000000e+01 3.531003270440197957e+04 2.000000000000000000e+00
1.410000000000000000e+02 1.640000000000000000e+02 3.597364545922946127e+04 3.000000000000000000e+00
9.100000000000000000e+01 9.200000000000000000e+01 3.740854252284621907e+04 2.000000000000000000e+00
4.700000000000000000e+01 8.300000000000000000e+01 3.817717893646510493e+04 2.000000000000000000e+00
6.500000000000000000e+01 1.790000000000000000e+02 3.875276164673380845e+04 3.000000000000000000e+00
9.000000000000000000e+01 1.850000000000000000e+02 3.882533006842593022e+04 5.000000000000000000e+00
1.290000000000000000e+02 1.520000000000000000e+02 3.961219552911348728e+04 2.000000000000000000e+00
9.300000000000000000e+01 1.230000000000000000e+02 4.062483880910329026e+04 2.000000000000000000e+00
5.900000000000000000e+01 1.740000000000000000e+02 4.081186645125164068e+04 4.000000000000000000e+00
4.200000000000000000e+01 1.920000000000000000e+02 4.132623250321931846e+04 3.000000000000000000e+00
1.190000000000000000e+02 1.780000000000000000e+02 4.152656177443428169e+04 4.000000000000000000e+00
5.200000000000000000e+01 7.600000000000000000e+01 4.198791339601865184e+04 2.000000000000000000e+00
6.800000000000000000e+01 8.800000000000000000e+01 4.235692570399497345e+04 2.000000000000000000e+00
1.820000000000000000e+02 1.950000000000000000e+02 4.248345370991223899e+04 8.000000000000000000e+00
1.060000000000000000e+02 1.930000000000000000e+02 4.256392554540046694e+04 3.000000000000000000e+00
1.720000000000000000e+02 1.860000000000000000e+02 4.293055989492496883e+04 6.000000000000000000e+00
8.200000000000000000e+01 1.840000000000000000e+02 4.430446320615376317e+04 4.000000000000000000e+00
5.800000000000000000e+01 7.800000000000000000e+01 4.571885910667090502e+04 2.000000000000000000e+00
1.980000000000000000e+02 2.020000000000000000e+02 4.713002219440946647e+04 6.000000000000000000e+00
2.010000000000000000e+02 2.040000000000000000e+02 4.748188387901705573e+04 5.000000000000000000e+00
8.900000000000000000e+01 2.060000000000000000e+02 4.839471552771864663e+04 5.000000000000000000e+00
6.300000000000000000e+01 2.030000000000000000e+02 4.850893596705571690e+04 9.000000000000000000e+00
1.240000000000000000e+02 1.330000000000000000e+02 4.882629437386379141e+04 2.000000000000000000e+00
6.700000000000000000e+01 6.900000000000000000e+01 4.947936673163938394e+04 2.000000000000000000e+00
7.000000000000000000e+01 7.100000000000000000e+01 4.952936484653889056e+04 2.000000000000000000e+00
5.000000000000000000e+01 2.130000000000000000e+02 5.138113134096504655e+04 3.000000000000000000e+00
9.400000000000000000e+01 1.880000000000000000e+02 5.148706962224114250e+04 4.000000000000000000e+00
3.100000000000000000e+01 2.070000000000000000e+02 5.230484366653636971e+04 3.000000000000000000e+00
1.940000000000000000e+02 2.090000000000000000e+02 5.309554540019288834e+04 8.000000000000000000e+00
2.500000000000000000e+01 2.900000000000000000e+01 5.463896106109574612e+04 2.000000000000000000e+00
1.050000000000000000e+02 1.970000000000000000e+02 5.495134364146999724e+04 3.000000000000000000e+00
1.550000000000000000e+02 1.570000000000000000e+02 5.513677349921240966e+04 4.000000000000000000e+00
7.400000000000000000e+01 1.140000000000000000e+02 5.540052803008034971e+04 2.000000000000000000e+00
3.800000000000000000e+01 2.140000000000000000e+02 5.804322084427239315e+04 3.000000000000000000e+00
6.100000000000000000e+01 2.200000000000000000e+02 5.847616739741693164e+04 4.000000000000000000e+00
9.600000000000000000e+01 1.730000000000000000e+02 5.874187339158869872e+04 3.000000000000000000e+00
1.800000000000000000e+02 2.110000000000000000e+02 5.902418389842336182e+04 1.100000000000000000e+01
1.200000000000000000e+02 1.810000000000000000e+02 6.127866512241693999e+04 7.000000000000000000e+00
9.900000000000000000e+01 1.090000000000000000e+02 6.133487656769367459e+04 2.000000000000000000e+00
2.160000000000000000e+02 2.230000000000000000e+02 6.137923646642535459e+04 7.000000000000000000e+00
2.080000000000000000e+02 2.100000000000000000e+02 6.164947986775333993e+04 1.100000000000000000e+01
4.300000000000000000e+01 9.700000000000000000e+01 6.165143436905356066e+04 2.000000000000000000e+00
1.350000000000000000e+02 1.390000000000000000e+02 6.358863561516662594e+04 2.000000000000000000e+00
1.480000000000000000e+02 1.500000000000000000e+02 6.444125632193718775e+04 2.000000000000000000e+00
9.000000000000000000e+00 3.000000000000000000e+01 6.532051586145236797e+04 2.000000000000000000e+00
2.150000000000000000e+02 2.280000000000000000e+02 6.776217748853324156e+04 5.000000000000000000e+00
4.100000000000000000e+01 2.180000000000000000e+02 6.785201449950673850e+04 9.000000000000000000e+00
7.000000000000000000e+00 1.500000000000000000e+01 6.790792766139771265e+04 2.000000000000000000e+00
1.910000000000000000e+02 2.120000000000000000e+02 6.867436732855258742e+04 5.000000000000000000e+00
3.500000000000000000e+01 2.050000000000000000e+02 6.918629742108311621e+04 7.000000000000000000e+00
8.000000000000000000e+01 2.240000000000000000e+02 7.281363443410501350e+04 5.000000000000000000e+00
2.200000000000000000e+01 2.800000000000000000e+01 7.353554280005308101e+04 2.000000000000000000e+00
1.890000000000000000e+02 2.220000000000000000e+02 7.383998671419323364e+04 6.000000000000000000e+00
1.600000000000000000e+01 2.000000000000000000e+01 7.535671227065434505e+04 2.000000000000000000e+00
1.900000000000000000e+02 2.170000000000000000e+02 7.541379118061462941e+04 5.000000000000000000e+00
1.770000000000000000e+02 2.250000000000000000e+02 7.754808967164419300e+04 7.000000000000000000e+00
1.960000000000000000e+02 2.270000000000000000e+02 7.971021404787327629e+04 9.000000000000000000e+00
1.490000000000000000e+02 2.380000000000000000e+02 8.218559811269081547e+04 6.000000000000000000e+00
1.300000000000000000e+01 2.400000000000000000e+01 8.291622849608889373e+04 2.000000000000000000e+00
8.000000000000000000e+00 2.340000000000000000e+02 8.293094480596130597e+04 3.000000000000000000e+00
1.990000000000000000e+02 2.290000000000000000e+02 8.317564981450748746e+04 1.000000000000000000e+01
7.700000000000000000e+01 2.350000000000000000e+02 8.332010357561889396e+04 6.000000000000000000e+00
1.400000000000000000e+01 2.430000000000000000e+02 9.081057974608166842e+04 3.000000000000000000e+00
2.370000000000000000e+02 2.490000000000000000e+02 9.083539118196612981e+04 5.000000000000000000e+00
1.100000000000000000e+02 2.470000000000000000e+02 9.154319720952893840e+04 7.000000000000000000e+00
2.390000000000000000e+02 2.400000000000000000e+02 9.610042910868937906e+04 1.200000000000000000e+01
2.000000000000000000e+00 1.200000000000000000e+01 9.672592906538814714e+04 2.000000000000000000e+00
3.600000000000000000e+01 2.310000000000000000e+02 1.055815309676962788e+05 3.000000000000000000e+00
1.040000000000000000e+02 1.450000000000000000e+02 1.058515152260762407e+05 2.000000000000000000e+00
2.260000000000000000e+02 2.300000000000000000e+02 1.083941092623801524e+05 2.200000000000000000e+01
2.100000000000000000e+01 2.480000000000000000e+02 1.105634244380397286e+05 3.000000000000000000e+00
0.000000000000000000e+00 4.000000000000000000e+00 1.107928681490261806e+05 2.000000000000000000e+00
1.800000000000000000e+01 2.410000000000000000e+02 1.111992128158500127e+05 3.000000000000000000e+00
2.000000000000000000e+02 2.450000000000000000e+02 1.147416328773078130e+05 1.100000000000000000e+01
2.360000000000000000e+02 2.510000000000000000e+02 1.169176874644621857e+05 1.500000000000000000e+01
2.300000000000000000e+01 2.560000000000000000e+02 1.171213998541420588e+05 3.000000000000000000e+00
1.100000000000000000e+01 1.700000000000000000e+01 1.177430198969481426e+05 2.000000000000000000e+00
2.460000000000000000e+02 2.540000000000000000e+02 1.179118752690166584e+05 1.600000000000000000e+01
3.000000000000000000e+00 2.520000000000000000e+02 1.187456123319078033e+05 4.000000000000000000e+00
1.030000000000000000e+02 2.640000000000000000e+02 1.298127813671080366e+05 1.600000000000000000e+01
3.400000000000000000e+01 2.570000000000000000e+02 1.314915640449610364e+05 4.000000000000000000e+00
6.000000000000000000e+01 2.440000000000000000e+02 1.322260863793981553e+05 6.000000000000000000e+00
1.180000000000000000e+02 2.630000000000000000e+02 1.386611171888948884e+05 1.200000000000000000e+01
3.900000000000000000e+01 4.500000000000000000e+01 1.388402993830585910e+05 2.000000000000000000e+00
1.020000000000000000e+02 2.720000000000000000e+02 1.444307772767602874e+05 1.300000000000000000e+01
2.600000000000000000e+01 2.650000000000000000e+02 1.509627104590374511e+05 4.000000000000000000e+00
1.130000000000000000e+02 2.550000000000000000e+02 1.541283344640693103e+05 1.300000000000000000e+01
5.000000000000000000e+00 2.600000000000000000e+02 1.560016879123314575e+05 4.000000000000000000e+00
1.870000000000000000e+02 2.320000000000000000e+02 1.573023946251001908e+05 4.000000000000000000e+00
1.150000000000000000e+02 2.580000000000000000e+02 1.592991759467156371e+05 3.000000000000000000e+00
2.500000000000000000e+02 2.690000000000000000e+02 1.679144382853189309e+05 2.600000000000000000e+01
1.900000000000000000e+01 2.700000000000000000e+01 1.799567896695099771e+05 2.000000000000000000e+00
2.700000000000000000e+02 2.730000000000000000e+02 1.821449609964065312e+05 6.000000000000000000e+00
2.210000000000000000e+02 2.670000000000000000e+02 1.922451393965552852e+05 2.000000000000000000e+01
2.420000000000000000e+02 2.790000000000000000e+02 1.993275929681057169e+05 9.000000000000000000e+00
2.590000000000000000e+02 2.760000000000000000e+02 1.997823590993893158e+05 3.500000000000000000e+01
2.330000000000000000e+02 2.740000000000000000e+02 2.072743986133502040e+05 1.500000000000000000e+01
6.000000000000000000e+00 2.680000000000000000e+02 2.088440020663626492e+05 5.000000000000000000e+00
2.190000000000000000e+02 2.620000000000000000e+02 2.270883525374086166e+05 5.000000000000000000e+00
2.660000000000000000e+02 2.810000000000000000e+02 2.276116689309982758e+05 4.000000000000000000e+00
2.710000000000000000e+02 2.820000000000000000e+02 2.438521108801401861e+05 1.200000000000000000e+01
2.610000000000000000e+02 2.770000000000000000e+02 2.460127535055941262e+05 6.000000000000000000e+00
1.360000000000000000e+02 2.780000000000000000e+02 2.686668509016417665e+05 5.000000000000000000e+00
2.530000000000000000e+02 2.890000000000000000e+02 3.063367017775013810e+05 9.000000000000000000e+00
2.840000000000000000e+02 2.860000000000000000e+02 3.442973726424978231e+05 2.400000000000000000e+01
2.800000000000000000e+02 2.900000000000000000e+02 3.681531612865805510e+05 3.800000000000000000e+01
2.830000000000000000e+02 2.920000000000000000e+02 4.455448405297420686e+05 2.500000000000000000e+01
2.750000000000000000e+02 2.930000000000000000e+02 4.502690693298652186e+05 1.300000000000000000e+01
2.870000000000000000e+02 2.880000000000000000e+02 4.918663768160756445e+05 1.000000000000000000e+01
2.850000000000000000e+02 2.950000000000000000e+02 5.023042054675015388e+05 7.300000000000000000e+01
1.000000000000000000e+00 1.000000000000000000e+01 6.409587362918365980e+05 2.000000000000000000e+00
2.940000000000000000e+02 2.960000000000000000e+02 6.848357103173376527e+05 4.900000000000000000e+01
3.300000000000000000e+01 4.400000000000000000e+01 6.863275764216703828e+05 2.000000000000000000e+00
2.910000000000000000e+02 2.980000000000000000e+02 7.693177563055154169e+05 1.600000000000000000e+01
2.990000000000000000e+02 3.010000000000000000e+02 1.215810258868295234e+06 1.220000000000000000e+02
2.970000000000000000e+02 3.030000000000000000e+02 1.333093155042063212e+06 2.900000000000000000e+01
3.020000000000000000e+02 3.040000000000000000e+02 1.875487463531949325e+06 1.240000000000000000e+02
3.000000000000000000e+02 3.050000000000000000e+02 2.477759533298115712e+06 3.100000000000000000e+01
3.060000000000000000e+02 3.070000000000000000e+02 4.239851247679059394e+06 1.550000000000000000e+02
