6.600000000000000000e+01 7.600000000000000000e+01 9.691169102510433068e-07 2.000000000000000000e+00
4.400000000000000000e+01 8.300000000000000000e+01 1.379368502780027097e-06 2.000000000000000000e+00
1.000000000000000000e+00 1.900000000000000000e+01 1.393349578917746987e-06 2.000000000000000000e+00
1.110000000000000000e+02 1.240000000000000000e+02 2.669902936360317342e-06 2.000000000000000000e+00
2.600000000000000000e+01 3.000000000000000000e+01 2.909485297350294474e-06 2.000000000000000000e+00
3.400000000000000000e+01 3.800000000000000000e+01 3.468313972136660052e-06 2.000000000000000000e+00
3.700000000000000000e+01 1.320000000000000000e+02 3.708611668448604666e-06 2.000000000000000000e+00
6.400000000000000000e+01 7.100000000000000000e+01 3.910148035952297036e-06 2.000000000000000000e+00
1.300000000000000000e+01 1.620000000000000000e+02 4.839569970905091465e-06 3.000000000000000000e+00
9.000000000000000000e+01 1.360000000000000000e+02 4.937169859951195940e-06 2.000000000000000000e+00
1.000000000000000000e+01 1.100000000000000000e+01 5.410666837624330631e-06 2.000000000000000000e+00
5.100000000000000000e+01 8.200000000000000000e+01 5.891026085783841408e-06 2.000000000000000000e+00
9.200000000000000000e+01 1.560000000000000000e+02 5.955205627491577628e-06 3.000000000000000000e+00
5.900000000000000000e+01 6.800000000000000000e+01 5.997590773146898659e-06 2.000000000000000000e+00
5.500000000000000000e+01 8.500000000000000000e+01 6.002354554591788476e-06 2.000000000000000000e+00
3.100000000000000000e+01 1.450000000000000000e+02 6.121255871042889367e-06 2.000000000000000000e+00
9.400000000000000000e+01 1.690000000000000000e+02 6.275962748517314890e-06 3.000000000000000000e+00
9.800000000000000000e+01 1.550000000000000000e+02 6.583969310074853822e-06 3.000000000000000000e+00
7.700000000000000000e+01 7.800000000000000000e+01 6.891600100770620572e-06 2.000000000000000000e+00
3.300000000000000000e+01 7.400000000000000000e+01 7.374365135286572758e-06 2.000000000000000000e+00
8.000000000000000000e+00 2.200000000000000000e+01 7.492646181351302440e-06 2.000000000000000000e+00
1.600000000000000000e+01 7.300000000000000000e+01 7.691847236524519671e-06 2.000000000000000000e+00
2.000000000000000000e+01 4.800000000000000000e+01 7.879903563877131462e-06 2.000000000000000000e+00
7.500000000000000000e+01 1.310000000000000000e+02 8.415475658751552581e-06 2.000000000000000000e+00
7.000000000000000000e+01 1.670000000000000000e+02 8.755453626177765519e-06 4.000000000000000000e+00
7.900000000000000000e+01 8.800000000000000000e+01 8.813551229498331290e-06 2.000000000000000000e+00
4.000000000000000000e+00 9.900000000000000000e+01 8.872733441161663283e-06 2.000000000000000000e+00
6.000000000000000000e+00 4.600000000000000000e+01 9.293442528411241207e-06 2.000000000000000000e+00
2.000000000000000000e+00 1.740000000000000000e+02 9.770007830475608448e-06 3.000000000000000000e+00
4.500000000000000000e+01 5.000000000000000000e+01 9.829233664973124801e-06 2.000000000000000000e+00
1.000000000000000000e+02 1.400000000000000000e+02 1.023644032136685673e-05 2.000000000000000000e+00
7.000000000000000000e+00 1.400000000000000000e+01 1.139551092891143142e-05 2.000000000000000000e+00
1.600000000000000000e+02 1.640000000000000000e+02 1.149557660589153716e-05 4.000000000000000000e+00
9.000000000000000000e+00 1.730000000000000000e+02 1.228298763627478893e-05 3.000000000000000000e+00
2.400000000000000000e+01 1.650000000000000000e+02 1.240523430625311798e-05 3.000000000000000000e+00
3.500000000000000000e+01 5.600000000000000000e+01 1.243296140185592962e-05 2.000000000000000000e+00
6.000000000000000000e+01 1.710000000000000000e+02 1.261561427071959203e-05 4.000000000000000000e+00
0.000000000000000000e+00 6.500000000000000000e+01 1.266053564362472658e-05 2.000000000000000000e+00
8.900000000000000000e+01 9.300000000000000000e+01 1.266167004541215089e-05 2.000000000000000000e+00
6.700000000000000000e+01 1.590000000000000000e+02 1.342394908114696528e-05 3.000000000000000000e+00
1.820000000000000000e+02 1.830000000000000000e+02 1.380934410960588763e-05 5.000000000000000000e+00
5.300000000000000000e+01 6.300000000000000000e+01 1.416058477690206239e-05 2.000000000000000000e+00
3.600000000000000000e+01 5.400000000000000000e+01 1.421536152691098465e-05 2.000000000000000000e+00
1.570000000000000000e+02 1.700000000000000000e+02 1.427660737508907313e-05 4.000000000000000000e+00
4.200000000000000000e+01 1.800000000000000000e+02 1.462942670614928295e-05 3.000000000000000000e+00
6.100000000000000000e+01 1.250000000000000000e+02 1.485779399230894985e-05 2.000000000000000000e+00
3.900000000000000000e+01 4.000000000000000000e+01 1.605424877156938693e-05 2.000000000000000000e+00
1.200000000000000000e+01 7.200000000000000000e+01 1.626326492104422181e-05 2.000000000000000000e+00
1.260000000000000000e+02 1.720000000000000000e+02 1.641908602267024570e-05 4.000000000000000000e+00
1.580000000000000000e+02 1.850000000000000000e+02 1.790612078879975664e-05 4.000000000000000000e+00
1.750000000000000000e+02 1.840000000000000000e+02 1.895191539869649225e-05 4.000000000000000000e+00
1.500000000000000000e+01 1.870000000000000000e+02 1.963746550305302377e-05 5.000000000000000000e+00
2.900000000000000000e+01 1.930000000000000000e+02 2.020221769873958674e-05 3.000000000000000000e+00
2.500000000000000000e+01 6.900000000000000000e+01 2.044096530067996624e-05 2.000000000000000000e+00
1.540000000000000000e+02 1.790000000000000000e+02 2.098778441433853158e-05 5.000000000000000000e+00
4.300000000000000000e+01 1.610000000000000000e+02 2.338554381521836868e-05 3.000000000000000000e+00
1.100000000000000000e+02 1.410000000000000000e+02 2.359598937593279758e-05 2.000000000000000000e+00
8.400000000000000000e+01 1.150000000000000000e+02 2.361283797991563512e-05 2.000000000000000000e+00
2.800000000000000000e+01 1.920000000000000000e+02 2.428988480590870032e-05 3.000000000000000000e+00
1.630000000000000000e+02 2.030000000000000000e+02 2.661019974863759741e-05 7.000000000000000000e+00
3.000000000000000000e+00 1.030000000000000000e+02 2.673992749189083501e-05 2.000000000000000000e+00
9.500000000000000000e+01 1.960000000000000000e+02 2.695072461643517470e-05 3.000000000000000000e+00
1.900000000000000000e+02 2.010000000000000000e+02 2.713016981628636455e-05 4.000000000000000000e+00
1.700000000000000000e+01 1.020000000000000000e+02 2.789127919830907578e-05 2.000000000000000000e+00
1.770000000000000000e+02 1.910000000000000000e+02 2.983416384428684123e-05 6.000000000000000000e+00
1.890000000000000000e+02 2.000000000000000000e+02 3.126740741462385147e-05 5.000000000000000000e+00
8.600000000000000000e+01 2.020000000000000000e+02 3.220813832217113442e-05 3.000000000000000000e+00
4.100000000000000000e+01 2.080000000000000000e+02 3.278746665297894357e-05 3.000000000000000000e+00
1.470000000000000000e+02 2.070000000000000000e+02 3.571002221823510692e-05 4.000000000000000000e+00
1.860000000000000000e+02 2.050000000000000000e+02 3.578689111857130732e-05 6.000000000000000000e+00
8.700000000000000000e+01 2.160000000000000000e+02 3.647063920502631993e-05 4.000000000000000000e+00
1.800000000000000000e+01 1.040000000000000000e+02 3.706940026574745401e-05 2.000000000000000000e+00
5.700000000000000000e+01 1.980000000000000000e+02 3.725027284839659729e-05 5.000000000000000000e+00
1.280000000000000000e+02 2.120000000000000000e+02 3.994104458183902334e-05 3.000000000000000000e+00
8.000000000000000000e+01 2.140000000000000000e+02 4.010513019441008591e-05 8.000000000000000000e+00
3.200000000000000000e+01 1.300000000000000000e+02 4.032705199406496640e-05 2.000000000000000000e+00
1.390000000000000000e+02 2.040000000000000000e+02 4.195341012880523526e-05 5.000000000000000000e+00
4.900000000000000000e+01 1.760000000000000000e+02 4.498735470350993278e-05 3.000000000000000000e+00
9.100000000000000000e+01 1.780000000000000000e+02 4.518753075082492849e-05 3.000000000000000000e+00
1.680000000000000000e+02 2.210000000000000000e+02 4.583203892205254279e-05 5.000000000000000000e+00
1.180000000000000000e+02 1.460000000000000000e+02 4.938374733789027357e-05 2.000000000000000000e+00
1.660000000000000000e+02 2.130000000000000000e+02 5.066914247392394032e-05 5.000000000000000000e+00
1.210000000000000000e+02 2.110000000000000000e+02 5.075091141289822343e-05 3.000000000000000000e+00
2.090000000000000000e+02 2.270000000000000000e+02 5.152885964760337164e-05 1.000000000000000000e+01
2.100000000000000000e+02 2.260000000000000000e+02 6.422212801733583661e-05 5.000000000000000000e+00
1.950000000000000000e+02 2.330000000000000000e+02 6.694406768636707852e-05 8.000000000000000000e+00
1.970000000000000000e+02 1.990000000000000000e+02 6.728566032196838626e-05 5.000000000000000000e+00
2.100000000000000000e+01 6.200000000000000000e+01 7.005113443434449953e-05 2.000000000000000000e+00
5.000000000000000000e+00 2.300000000000000000e+01 7.342879097017876119e-05 2.000000000000000000e+00
1.080000000000000000e+02 2.250000000000000000e+02 7.503485538701467879e-05 5.000000000000000000e+00
1.050000000000000000e+02 2.180000000000000000e+02 7.852045755478548306e-05 3.000000000000000000e+00
1.880000000000000000e+02 2.230000000000000000e+02 8.433204040165019719e-05 7.000000000000000000e+00
1.270000000000000000e+02 1.500000000000000000e+02 8.456812847144503764e-05 2.000000000000000000e+00
1.120000000000000000e+02 2.150000000000000000e+02 8.721680855229991527e-05 3.000000000000000000e+00
2.290000000000000000e+02 2.360000000000000000e+02 8.804573385318950791e-05 1.300000000000000000e+01
2.190000000000000000e+02 2.240000000000000000e+02 9.012793255843436397e-05 1.200000000000000000e+01
2.300000000000000000e+02 2.320000000000000000e+02 9.129701226448618315e-05 5.000000000000000000e+00
1.220000000000000000e+02 1.480000000000000000e+02 9.270382861978655200e-05 2.000000000000000000e+00
2.060000000000000000e+02 2.340000000000000000e+02 9.386912058288126410e-05 1.000000000000000000e+01
2.200000000000000000e+02 2.400000000000000000e+02 9.630232814234242764e-05 1.300000000000000000e+01
2.700000000000000000e+01 1.940000000000000000e+02 1.005852615687759027e-04 4.000000000000000000e+00
4.700000000000000000e+01 2.310000000000000000e+02 1.066065816552014094e-04 6.000000000000000000e+00
1.190000000000000000e+02 1.380000000000000000e+02 1.251323470729217473e-04 2.000000000000000000e+00
1.130000000000000000e+02 2.450000000000000000e+02 1.361459406152290487e-04 4.000000000000000000e+00
2.380000000000000000e+02 2.490000000000000000e+02 1.374777492215732894e-04 2.300000000000000000e+01
5.800000000000000000e+01 2.440000000000000000e+02 1.380669342677817658e-04 6.000000000000000000e+00
5.200000000000000000e+01 2.510000000000000000e+02 1.466130428089735161e-04 6.000000000000000000e+00
2.170000000000000000e+02 2.530000000000000000e+02 1.554477151455463152e-04 1.400000000000000000e+01
1.810000000000000000e+02 2.520000000000000000e+02 1.605510861193666715e-04 4.000000000000000000e+00
2.220000000000000000e+02 2.610000000000000000e+02 1.715065368662168548e-04 9.000000000000000000e+00
2.280000000000000000e+02 2.580000000000000000e+02 1.809627786893820245e-04 7.000000000000000000e+00
2.390000000000000000e+02 2.460000000000000000e+02 1.859336652715669444e-04 1.200000000000000000e+01
1.200000000000000000e+02 1.330000000000000000e+02 1.866207660146643773e-04 2.000000000000000000e+00
2.540000000000000000e+02 2.550000000000000000e+02 1.906156191609492808e-04 1.700000000000000000e+01
1.010000000000000000e+02 1.490000000000000000e+02 2.095943357767403282e-04 2.000000000000000000e+00
2.430000000000000000e+02 2.560000000000000000e+02 2.172191901407396011e-04 8.000000000000000000e+00
1.060000000000000000e+02 2.350000000000000000e+02 2.279417091504624786e-04 3.000000000000000000e+00
2.500000000000000000e+02 2.590000000000000000e+02 2.469046507117794828e-04 3.500000000000000000e+01
2.410000000000000000e+02 2.620000000000000000e+02 2.721133838388971782e-04 1.900000000000000000e+01
2.480000000000000000e+02 2.630000000000000000e+02 2.867975544225472993e-04 7.000000000000000000e+00
1.420000000000000000e+02 1.510000000000000000e+02 2.891484926409759498e-04 2.000000000000000000e+00
1.090000000000000000e+02 2.690000000000000000e+02 3.433986496923728386e-04 3.000000000000000000e+00
2.660000000000000000e+02 2.680000000000000000e+02 3.436722792282380780e-04 2.900000000000000000e+01
1.530000000000000000e+02 2.570000000000000000e+02 3.515403582173436039e-04 3.000000000000000000e+00
2.600000000000000000e+02 2.640000000000000000e+02 3.570960956433545620e-04 1.500000000000000000e+01
1.370000000000000000e+02 2.470000000000000000e+02 4.544218978382375592e-04 3.000000000000000000e+00
2.650000000000000000e+02 2.700000000000000000e+02 5.057826145666058067e-04 1.500000000000000000e+01
2.720000000000000000e+02 2.730000000000000000e+02 5.536011043443997935e-04 5.400000000000000000e+01
2.370000000000000000e+02 2.750000000000000000e+02 5.567604972921202456e-04 5.000000000000000000e+00
1.340000000000000000e+02 1.520000000000000000e+02 5.586118093205789600e-04 2.000000000000000000e+00
1.170000000000000000e+02 1.440000000000000000e+02 5.808730551268830727e-04 2.000000000000000000e+00
2.420000000000000000e+02 2.790000000000000000e+02 6.019873670971839308e-04 1.700000000000000000e+01
1.070000000000000000e+02 1.290000000000000000e+02 6.153008038412489293e-04 2.000000000000000000e+00
2.710000000000000000e+02 2.760000000000000000e+02 6.402192926531340708e-04 6.000000000000000000e+00
2.770000000000000000e+02 2.810000000000000000e+02 8.083493180774026145e-04 4.400000000000000000e+01
9.700000000000000000e+01 2.670000000000000000e+02 9.645163813942062622e-04 3.000000000000000000e+00
1.350000000000000000e+02 2.830000000000000000e+02 1.035529830400072149e-03 6.000000000000000000e+00
2.820000000000000000e+02 2.890000000000000000e+02 1.085587636817709947e-03 9.800000000000000000e+01
2.800000000000000000e+02 2.850000000000000000e+02 1.098584251747621119e-03 5.000000000000000000e+00
2.740000000000000000e+02 2.910000000000000000e+02 1.283463177408321852e-03 1.300000000000000000e+01
2.840000000000000000e+02 2.900000000000000000e+02 1.316909262765697010e-03 5.000000000000000000e+00
1.160000000000000000e+02 2.870000000000000000e+02 1.505910471054389566e-03 3.000000000000000000e+00
8.100000000000000000e+01 2.860000000000000000e+02 1.526688710259318160e-03 1.800000000000000000e+01
9.600000000000000000e+01 2.780000000000000000e+02 1.539723864262432891e-03 4.000000000000000000e+00
2.920000000000000000e+02 2.970000000000000000e+02 1.664873856636379110e-03 1.160000000000000000e+02
2.880000000000000000e+02 2.930000000000000000e+02 1.796492846934978323e-03 1.100000000000000000e+01
1.140000000000000000e+02 2.980000000000000000e+02 2.380764927928974602e-03 5.000000000000000000e+00
1.230000000000000000e+02 1.430000000000000000e+02 2.657740656026775887e-03 2.000000000000000000e+00
2.940000000000000000e+02 2.990000000000000000e+02 2.856648052086850284e-03 1.290000000000000000e+02
2.950000000000000000e+02 3.000000000000000000e+02 3.370058761677412109e-03 1.600000000000000000e+01
3.010000000000000000e+02 3.020000000000000000e+02 4.942612109667842389e-03 7.000000000000000000e+00
2.960000000000000000e+02 3.040000000000000000e+02 5.710534787455937011e-03 1.900000000000000000e+01
3.030000000000000000e+02 3.060000000000000000e+02 9.270900612470741112e-03 1.480000000000000000e+02
3.050000000000000000e+02 3.070000000000000000e+02 2.108382476066261377e-02 1.550000000000000000e+02
