0.000000000000000000e+00 4.000000000000000000e+00 2.855412635704841773e-02 2.000000000000000000e+00
3.000000000000000000e+00 1.550000000000000000e+02 4.315928269250954991e-02 3.000000000000000000e+00
8.000000000000000000e+00 1.700000000000000000e+01 8.190427709188743965e-02 2.000000000000000000e+00
1.200000000000000000e+01 4.000000000000000000e+01 1.213386504424421586e-01 2.000000000000000000e+00
5.700000000000000000e+01 1.300000000000000000e+02 1.284889186125454386e-01 2.000000000000000000e+00
1.100000000000000000e+02 1.270000000000000000e+02 1.313984453240118755e-01 2.000000000000000000e+00
1.000000000000000000e+00 1.570000000000000000e+02 1.383566627723128994e-01 3.000000000000000000e+00
2.100000000000000000e+01 9.700000000000000000e+01 1.474082486154153215e-01 2.000000000000000000e+00
7.000000000000000000e+00 1.300000000000000000e+01 1.586515753990940525e-01 2.000000000000000000e+00
1.900000000000000000e+01 3.300000000000000000e+01 1.606927110368389644e-01 2.000000000000000000e+00
2.300000000000000000e+01 2.400000000000000000e+01 1.656859948972114749e-01 2.000000000000000000e+00
1.280000000000000000e+02 1.340000000000000000e+02 1.665410540818450802e-01 2.000000000000000000e+00
3.000000000000000000e+01 1.630000000000000000e+02 1.680462898125609228e-01 3.000000000000000000e+00
1.090000000000000000e+02 1.620000000000000000e+02 1.734846865630088331e-01 3.000000000000000000e+00
3.100000000000000000e+01 1.580000000000000000e+02 1.774618642416334047e-01 3.000000000000000000e+00
1.000000000000000000e+02 1.540000000000000000e+02 1.849225427963493151e-01 2.000000000000000000e+00
9.000000000000000000e+00 1.060000000000000000e+02 1.858954079715642027e-01 2.000000000000000000e+00
1.640000000000000000e+02 1.670000000000000000e+02 1.885621041031796119e-01 5.000000000000000000e+00
1.600000000000000000e+02 1.660000000000000000e+02 1.891410611453003265e-01 4.000000000000000000e+00
1.140000000000000000e+02 1.650000000000000000e+02 2.002042305972158709e-01 3.000000000000000000e+00
1.110000000000000000e+02 1.690000000000000000e+02 2.018737620979573766e-01 4.000000000000000000e+00
2.200000000000000000e+01 1.320000000000000000e+02 2.103164862264185475e-01 2.000000000000000000e+00
2.700000000000000000e+01 1.680000000000000000e+02 2.105885907237129706e-01 4.000000000000000000e+00
5.100000000000000000e+01 1.500000000000000000e+02 2.119123302979626089e-01 2.000000000000000000e+00
9.500000000000000000e+01 1.170000000000000000e+02 2.124354117441928647e-01 2.000000000000000000e+00
1.600000000000000000e+01 1.160000000000000000e+02 2.149456816820054239e-01 2.000000000000000000e+00
6.400000000000000000e+01 1.760000000000000000e+02 2.222015476170639547e-01 3.000000000000000000e+00
4.100000000000000000e+01 1.750000000000000000e+02 2.274443934709967363e-01 5.000000000000000000e+00
1.240000000000000000e+02 1.590000000000000000e+02 2.298715830711250407e-01 3.000000000000000000e+00
1.230000000000000000e+02 1.830000000000000000e+02 2.332335535501353918e-01 4.000000000000000000e+00
6.500000000000000000e+01 1.810000000000000000e+02 2.347478274410595700e-01 4.000000000000000000e+00
2.000000000000000000e+00 1.710000000000000000e+02 2.369717352180633618e-01 3.000000000000000000e+00
2.500000000000000000e+01 1.800000000000000000e+02 2.429616342352523828e-01 3.000000000000000000e+00
8.000000000000000000e+01 1.730000000000000000e+02 2.514561715706998268e-01 5.000000000000000000e+00
1.790000000000000000e+02 1.850000000000000000e+02 2.598873540144347460e-01 6.000000000000000000e+00
1.820000000000000000e+02 1.880000000000000000e+02 2.677337262380088956e-01 1.000000000000000000e+01
1.740000000000000000e+02 1.860000000000000000e+02 2.721573141633749082e-01 6.000000000000000000e+00
1.100000000000000000e+01 1.610000000000000000e+02 2.731324762526408656e-01 4.000000000000000000e+00
1.720000000000000000e+02 1.770000000000000000e+02 2.786459660359754120e-01 9.000000000000000000e+00
6.700000000000000000e+01 9.000000000000000000e+01 2.792937222694485411e-01 2.000000000000000000e+00
1.480000000000000000e+02 1.890000000000000000e+02 2.808657274247954305e-01 7.000000000000000000e+00
4.600000000000000000e+01 1.390000000000000000e+02 2.993013247412292244e-01 2.000000000000000000e+00
6.100000000000000000e+01 1.780000000000000000e+02 3.014828699459855543e-01 3.000000000000000000e+00
1.500000000000000000e+01 1.870000000000000000e+02 3.042772452608029643e-01 4.000000000000000000e+00
1.260000000000000000e+02 1.700000000000000000e+02 3.126772877801227146e-01 3.000000000000000000e+00
1.970000000000000000e+02 1.990000000000000000e+02 3.190131227943600045e-01 6.000000000000000000e+00
9.200000000000000000e+01 1.950000000000000000e+02 3.210002489125458047e-01 8.000000000000000000e+00
2.000000000000000000e+01 1.900000000000000000e+02 3.214783126654383594e-01 1.100000000000000000e+01
1.940000000000000000e+02 1.960000000000000000e+02 3.272305324218777733e-01 4.000000000000000000e+00
2.600000000000000000e+01 1.840000000000000000e+02 3.300199801241232578e-01 5.000000000000000000e+00
1.070000000000000000e+02 2.000000000000000000e+02 3.580078672777521898e-01 7.000000000000000000e+00
2.020000000000000000e+02 2.040000000000000000e+02 3.696496230046175113e-01 1.600000000000000000e+01
1.910000000000000000e+02 1.980000000000000000e+02 3.705126409560159373e-01 1.000000000000000000e+01
1.420000000000000000e+02 1.470000000000000000e+02 3.717511020260702015e-01 2.000000000000000000e+00
2.010000000000000000e+02 2.030000000000000000e+02 3.726601503149247208e-01 1.200000000000000000e+01
5.000000000000000000e+00 1.930000000000000000e+02 3.793253792568322402e-01 1.000000000000000000e+01
6.600000000000000000e+01 2.050000000000000000e+02 3.823044444772422112e-01 8.000000000000000000e+00
3.500000000000000000e+01 1.290000000000000000e+02 3.865450553986760629e-01 2.000000000000000000e+00
5.000000000000000000e+01 2.110000000000000000e+02 3.908458300681761921e-01 9.000000000000000000e+00
1.560000000000000000e+02 1.920000000000000000e+02 3.975842592737581227e-01 7.000000000000000000e+00
1.440000000000000000e+02 1.490000000000000000e+02 4.070489479905933794e-01 2.000000000000000000e+00
7.300000000000000000e+01 1.190000000000000000e+02 4.136972842058556088e-01 2.000000000000000000e+00
1.310000000000000000e+02 2.120000000000000000e+02 4.200138891504073269e-01 3.000000000000000000e+00
3.400000000000000000e+01 2.070000000000000000e+02 4.243209650478320105e-01 1.100000000000000000e+01
2.080000000000000000e+02 2.130000000000000000e+02 4.254996411549852864e-01 1.100000000000000000e+01
5.300000000000000000e+01 5.600000000000000000e+01 4.299475949762408544e-01 2.000000000000000000e+00
1.330000000000000000e+02 1.510000000000000000e+02 4.354483944495389225e-01 2.000000000000000000e+00
1.350000000000000000e+02 2.170000000000000000e+02 4.369847182844024958e-01 4.000000000000000000e+00
7.400000000000000000e+01 2.090000000000000000e+02 4.527952934287930997e-01 1.300000000000000000e+01
2.150000000000000000e+02 2.200000000000000000e+02 4.536282878214742964e-01 4.000000000000000000e+00
1.460000000000000000e+02 2.190000000000000000e+02 4.539236011809104077e-01 1.200000000000000000e+01
1.800000000000000000e+01 2.230000000000000000e+02 4.629029675714179670e-01 1.400000000000000000e+01
1.250000000000000000e+02 2.240000000000000000e+02 4.700120314493623774e-01 5.000000000000000000e+00
1.400000000000000000e+01 2.260000000000000000e+02 4.720522457110698511e-01 1.500000000000000000e+01
8.900000000000000000e+01 2.250000000000000000e+02 4.807047933801125716e-01 1.300000000000000000e+01
6.800000000000000000e+01 2.220000000000000000e+02 4.910723055990267039e-01 5.000000000000000000e+00
3.200000000000000000e+01 1.400000000000000000e+02 4.918552913611491939e-01 2.000000000000000000e+00
1.520000000000000000e+02 2.270000000000000000e+02 4.975201613717564753e-01 6.000000000000000000e+00
6.900000000000000000e+01 2.280000000000000000e+02 5.000517598311259304e-01 1.600000000000000000e+01
2.290000000000000000e+02 2.300000000000000000e+02 5.177813745204826734e-01 1.800000000000000000e+01
7.700000000000000000e+01 2.320000000000000000e+02 5.220670166246463850e-01 7.000000000000000000e+00
2.210000000000000000e+02 2.310000000000000000e+02 5.223276556792479930e-01 4.000000000000000000e+00
2.900000000000000000e+01 2.060000000000000000e+02 5.279899374256145084e-01 1.700000000000000000e+01
1.410000000000000000e+02 2.160000000000000000e+02 5.381756785205058513e-01 3.000000000000000000e+00
7.800000000000000000e+01 2.370000000000000000e+02 5.417543284682587723e-01 1.800000000000000000e+01
8.300000000000000000e+01 2.350000000000000000e+02 5.435742129404330658e-01 8.000000000000000000e+00
7.500000000000000000e+01 2.400000000000000000e+02 5.595902281408324797e-01 9.000000000000000000e+00
7.200000000000000000e+01 1.360000000000000000e+02 5.715438318894828784e-01 2.000000000000000000e+00
8.700000000000000000e+01 2.360000000000000000e+02 5.733703080252300355e-01 5.000000000000000000e+00
1.000000000000000000e+01 2.330000000000000000e+02 5.786989139496542256e-01 1.700000000000000000e+01
2.380000000000000000e+02 2.430000000000000000e+02 5.859242654908202175e-01 8.000000000000000000e+00
6.000000000000000000e+00 2.440000000000000000e+02 6.051476003807225723e-01 1.800000000000000000e+01
2.100000000000000000e+02 2.180000000000000000e+02 6.053651536623222418e-01 2.100000000000000000e+01
9.300000000000000000e+01 1.220000000000000000e+02 6.101253817224501219e-01 2.000000000000000000e+00
4.400000000000000000e+01 2.410000000000000000e+02 6.133557372240762140e-01 1.000000000000000000e+01
2.800000000000000000e+01 2.460000000000000000e+02 6.173615993253807055e-01 1.900000000000000000e+01
6.000000000000000000e+01 2.390000000000000000e+02 6.220207202318124295e-01 1.900000000000000000e+01
4.300000000000000000e+01 2.500000000000000000e+02 6.342574900959173645e-01 2.000000000000000000e+01
4.200000000000000000e+01 2.490000000000000000e+02 6.355217838843925104e-01 1.100000000000000000e+01
1.010000000000000000e+02 2.520000000000000000e+02 6.483136498856705288e-01 2.100000000000000000e+01
3.700000000000000000e+01 2.530000000000000000e+02 6.833843198685825016e-01 1.200000000000000000e+01
1.380000000000000000e+02 2.450000000000000000e+02 6.860998830124793724e-01 9.000000000000000000e+00
5.400000000000000000e+01 2.550000000000000000e+02 7.181493684991838711e-01 1.300000000000000000e+01
9.600000000000000000e+01 2.340000000000000000e+02 7.195682624281020123e-01 1.900000000000000000e+01
1.530000000000000000e+02 2.480000000000000000e+02 7.314060512953473037e-01 3.000000000000000000e+00
4.500000000000000000e+01 2.570000000000000000e+02 7.508164786972582050e-01 1.400000000000000000e+01
1.020000000000000000e+02 2.470000000000000000e+02 7.524240663288142006e-01 2.200000000000000000e+01
3.600000000000000000e+01 2.560000000000000000e+02 7.635762767241605076e-01 1.000000000000000000e+01
5.200000000000000000e+01 2.620000000000000000e+02 7.947333477791385103e-01 1.100000000000000000e+01
2.510000000000000000e+02 2.540000000000000000e+02 8.068739302060756735e-01 4.000000000000000000e+01
2.420000000000000000e+02 2.630000000000000000e+02 8.210238824134475921e-01 1.300000000000000000e+01
3.800000000000000000e+01 2.600000000000000000e+02 8.411439962766525946e-01 1.500000000000000000e+01
6.200000000000000000e+01 2.590000000000000000e+02 8.536117448163800248e-01 4.000000000000000000e+00
2.580000000000000000e+02 2.660000000000000000e+02 8.727735164165238979e-01 3.400000000000000000e+01
8.800000000000000000e+01 2.650000000000000000e+02 9.339792787089218340e-01 1.400000000000000000e+01
8.100000000000000000e+01 1.210000000000000000e+02 1.002289107643882904e+00 2.000000000000000000e+00
8.500000000000000000e+01 2.670000000000000000e+02 1.012681688467078622e+00 5.000000000000000000e+00
1.430000000000000000e+02 1.450000000000000000e+02 1.047612356655884369e+00 2.000000000000000000e+00
8.400000000000000000e+01 2.690000000000000000e+02 1.057481285134465265e+00 1.500000000000000000e+01
8.600000000000000000e+01 2.710000000000000000e+02 1.076450052748733288e+00 6.000000000000000000e+00
1.370000000000000000e+02 2.700000000000000000e+02 1.121127689354819434e+00 3.000000000000000000e+00
4.700000000000000000e+01 2.730000000000000000e+02 1.150628492758580146e+00 1.600000000000000000e+01
7.000000000000000000e+01 2.760000000000000000e+02 1.185265409785747126e+00 1.700000000000000000e+01
4.900000000000000000e+01 2.680000000000000000e+02 1.205816659559083570e+00 3.500000000000000000e+01
7.900000000000000000e+01 2.770000000000000000e+02 1.212273323401676706e+00 1.800000000000000000e+01
2.140000000000000000e+02 2.610000000000000000e+02 1.226668595824818020e+00 2.900000000000000000e+01
8.200000000000000000e+01 2.790000000000000000e+02 1.259141196476130098e+00 1.900000000000000000e+01
1.180000000000000000e+02 2.810000000000000000e+02 1.350396255004381985e+00 2.000000000000000000e+01
2.720000000000000000e+02 2.750000000000000000e+02 1.356988499434050643e+00 5.000000000000000000e+00
5.900000000000000000e+01 2.780000000000000000e+02 1.385280668712057794e+00 3.600000000000000000e+01
2.640000000000000000e+02 2.840000000000000000e+02 1.425221990228764390e+00 7.600000000000000000e+01
3.900000000000000000e+01 2.820000000000000000e+02 1.444805682519204826e+00 2.100000000000000000e+01
1.030000000000000000e+02 2.860000000000000000e+02 1.513728991455722594e+00 2.200000000000000000e+01
2.740000000000000000e+02 2.870000000000000000e+02 1.708700339746987762e+00 2.800000000000000000e+01
1.080000000000000000e+02 2.830000000000000000e+02 1.721273726086068434e+00 6.000000000000000000e+00
7.100000000000000000e+01 2.890000000000000000e+02 1.862290926799171187e+00 7.000000000000000000e+00
7.600000000000000000e+01 9.100000000000000000e+01 1.915610677278440477e+00 2.000000000000000000e+00
6.300000000000000000e+01 2.900000000000000000e+02 2.193465375733847367e+00 8.000000000000000000e+00
2.800000000000000000e+02 2.850000000000000000e+02 2.218727844394243309e+00 1.050000000000000000e+02
5.500000000000000000e+01 2.920000000000000000e+02 2.571053066035148049e+00 9.000000000000000000e+00
1.130000000000000000e+02 2.940000000000000000e+02 2.973889940886591532e+00 1.000000000000000000e+01
2.880000000000000000e+02 2.930000000000000000e+02 3.012280634670069901e+00 1.330000000000000000e+02
2.910000000000000000e+02 2.950000000000000000e+02 3.153411128890242665e+00 1.200000000000000000e+01
1.200000000000000000e+02 2.960000000000000000e+02 3.954763625871408284e+00 1.340000000000000000e+02
5.800000000000000000e+01 9.900000000000000000e+01 3.980164105732734825e+00 2.000000000000000000e+00
1.050000000000000000e+02 2.980000000000000000e+02 4.067841582492325081e+00 1.350000000000000000e+02
9.400000000000000000e+01 2.990000000000000000e+02 5.179773036177353518e+00 3.000000000000000000e+00
2.970000000000000000e+02 3.010000000000000000e+02 5.574869423040226479e+00 1.500000000000000000e+01
3.000000000000000000e+02 3.020000000000000000e+02 6.559879592998962394e+00 1.500000000000000000e+02
4.800000000000000000e+01 9.800000000000000000e+01 7.484698689936458038e+00 2.000000000000000000e+00
1.040000000000000000e+02 3.030000000000000000e+02 1.247015575934403664e+01 1.510000000000000000e+02
3.040000000000000000e+02 3.050000000000000000e+02 1.481772498813999839e+01 1.530000000000000000e+02
1.120000000000000000e+02 3.060000000000000000e+02 2.672484290197102652e+01 1.540000000000000000e+02
1.150000000000000000e+02 3.070000000000000000e+02 1.142668538582656765e+04 1.550000000000000000e+02
