1.250000000000000000e+02 1.460000000000000000e+02 6.452105377682685230e+02 2.000000000000000000e+00
6.200000000000000000e+01 1.390000000000000000e+02 7.744681268885070722e+02 2.000000000000000000e+00
1.500000000000000000e+02 1.550000000000000000e+02 7.999888382783949510e+02 3.000000000000000000e+00
1.280000000000000000e+02 1.520000000000000000e+02 8.640856121924836089e+02 2.000000000000000000e+00
1.260000000000000000e+02 1.530000000000000000e+02 8.791952540074083799e+02 2.000000000000000000e+00
5.300000000000000000e+01 1.560000000000000000e+02 8.985311420380697882e+02 3.000000000000000000e+00
5.900000000000000000e+01 1.350000000000000000e+02 9.076343697827500137e+02 2.000000000000000000e+00
4.900000000000000000e+01 1.340000000000000000e+02 9.990991543181032739e+02 2.000000000000000000e+00
8.500000000000000000e+01 1.470000000000000000e+02 1.001064074995020519e+03 2.000000000000000000e+00
4.200000000000000000e+01 1.300000000000000000e+02 1.006555562077096624e+03 2.000000000000000000e+00
3.200000000000000000e+01 1.270000000000000000e+02 1.038188395149755024e+03 2.000000000000000000e+00
9.100000000000000000e+01 1.170000000000000000e+02 1.084584771800738963e+03 2.000000000000000000e+00
6.600000000000000000e+01 1.620000000000000000e+02 1.144986629517544770e+03 3.000000000000000000e+00
5.600000000000000000e+01 1.370000000000000000e+02 1.147159871501122097e+03 2.000000000000000000e+00
3.100000000000000000e+01 5.100000000000000000e+01 1.153992367570452416e+03 2.000000000000000000e+00
5.400000000000000000e+01 1.290000000000000000e+02 1.162869253158105721e+03 2.000000000000000000e+00
1.060000000000000000e+02 1.330000000000000000e+02 1.175073640679552227e+03 2.000000000000000000e+00
4.600000000000000000e+01 1.680000000000000000e+02 1.199341752399541292e+03 3.000000000000000000e+00
4.000000000000000000e+01 1.630000000000000000e+02 1.205063322727717150e+03 3.000000000000000000e+00
5.700000000000000000e+01 1.080000000000000000e+02 1.208667538293467032e+03 2.000000000000000000e+00
3.700000000000000000e+01 6.500000000000000000e+01 1.223704464362335784e+03 2.000000000000000000e+00
1.650000000000000000e+02 1.720000000000000000e+02 1.246079039130012461e+03 5.000000000000000000e+00
1.240000000000000000e+02 1.600000000000000000e+02 1.260268252555935305e+03 4.000000000000000000e+00
9.500000000000000000e+01 1.000000000000000000e+02 1.274995209443311524e+03 2.000000000000000000e+00
6.400000000000000000e+01 1.450000000000000000e+02 1.276631766002254153e+03 2.000000000000000000e+00
1.570000000000000000e+02 1.590000000000000000e+02 1.296715523883357491e+03 5.000000000000000000e+00
1.660000000000000000e+02 1.700000000000000000e+02 1.337547198882872635e+03 4.000000000000000000e+00
7.900000000000000000e+01 1.750000000000000000e+02 1.371358653574739719e+03 3.000000000000000000e+00
1.210000000000000000e+02 1.410000000000000000e+02 1.385382451995712699e+03 2.000000000000000000e+00
8.100000000000000000e+01 1.110000000000000000e+02 1.452779592879923939e+03 2.000000000000000000e+00
4.800000000000000000e+01 6.100000000000000000e+01 1.484469070666133348e+03 2.000000000000000000e+00
6.300000000000000000e+01 1.640000000000000000e+02 1.485441954670368659e+03 3.000000000000000000e+00
8.200000000000000000e+01 1.010000000000000000e+02 1.492051966255640991e+03 2.000000000000000000e+00
9.800000000000000000e+01 1.790000000000000000e+02 1.519542205096542602e+03 3.000000000000000000e+00
1.320000000000000000e+02 1.400000000000000000e+02 1.562506600211279647e+03 2.000000000000000000e+00
5.500000000000000000e+01 1.770000000000000000e+02 1.573059647591939211e+03 5.000000000000000000e+00
1.040000000000000000e+02 1.420000000000000000e+02 1.598974776227703842e+03 2.000000000000000000e+00
7.800000000000000000e+01 1.780000000000000000e+02 1.606151402566648812e+03 3.000000000000000000e+00
7.000000000000000000e+01 8.300000000000000000e+01 1.607250873910177233e+03 2.000000000000000000e+00
5.000000000000000000e+01 1.840000000000000000e+02 1.619074826505695000e+03 3.000000000000000000e+00
5.200000000000000000e+01 1.190000000000000000e+02 1.641532110707720221e+03 2.000000000000000000e+00
8.700000000000000000e+01 8.800000000000000000e+01 1.654334128988895600e+03 2.000000000000000000e+00
8.900000000000000000e+01 1.690000000000000000e+02 1.729955333777599208e+03 3.000000000000000000e+00
1.160000000000000000e+02 1.380000000000000000e+02 1.757576796957842816e+03 2.000000000000000000e+00
7.500000000000000000e+01 1.710000000000000000e+02 1.783469928555226261e+03 3.000000000000000000e+00
6.700000000000000000e+01 1.810000000000000000e+02 1.791931282419217951e+03 5.000000000000000000e+00
1.310000000000000000e+02 1.940000000000000000e+02 1.802304651157038279e+03 4.000000000000000000e+00
1.830000000000000000e+02 1.960000000000000000e+02 1.827863892308092090e+03 4.000000000000000000e+00
8.000000000000000000e+01 1.580000000000000000e+02 1.843150218091746410e+03 3.000000000000000000e+00
6.900000000000000000e+01 1.820000000000000000e+02 1.856984870587624755e+03 4.000000000000000000e+00
1.730000000000000000e+02 2.030000000000000000e+02 1.920463948000094433e+03 6.000000000000000000e+00
4.100000000000000000e+01 1.900000000000000000e+02 1.968025359919752418e+03 6.000000000000000000e+00
6.800000000000000000e+01 2.010000000000000000e+02 1.972076309408997986e+03 5.000000000000000000e+00
5.800000000000000000e+01 1.930000000000000000e+02 1.998165528942708988e+03 3.000000000000000000e+00
2.500000000000000000e+01 1.510000000000000000e+02 2.092953194121746947e+03 2.000000000000000000e+00
1.950000000000000000e+02 2.040000000000000000e+02 2.119079241681731219e+03 6.000000000000000000e+00
1.050000000000000000e+02 2.100000000000000000e+02 2.155693483124508020e+03 7.000000000000000000e+00
8.400000000000000000e+01 1.540000000000000000e+02 2.209220177069611054e+03 2.000000000000000000e+00
1.070000000000000000e+02 1.880000000000000000e+02 2.249020073468527698e+03 4.000000000000000000e+00
1.670000000000000000e+02 1.910000000000000000e+02 2.262722818495602496e+03 5.000000000000000000e+00
1.980000000000000000e+02 1.990000000000000000e+02 2.297439376561686458e+03 5.000000000000000000e+00
1.870000000000000000e+02 2.060000000000000000e+02 2.299624114733293482e+03 8.000000000000000000e+00
1.920000000000000000e+02 2.080000000000000000e+02 2.326449452267352171e+03 6.000000000000000000e+00
7.400000000000000000e+01 1.480000000000000000e+02 2.402392325782395801e+03 2.000000000000000000e+00
3.600000000000000000e+01 1.970000000000000000e+02 2.409426161380035865e+03 4.000000000000000000e+00
2.400000000000000000e+01 1.440000000000000000e+02 2.418099021824531064e+03 2.000000000000000000e+00
1.800000000000000000e+02 1.850000000000000000e+02 2.444271852218274034e+03 7.000000000000000000e+00
3.900000000000000000e+01 4.300000000000000000e+01 2.457450638619341589e+03 2.000000000000000000e+00
4.700000000000000000e+01 9.000000000000000000e+01 2.510477510951363456e+03 2.000000000000000000e+00
3.500000000000000000e+01 2.180000000000000000e+02 2.546992334791135363e+03 3.000000000000000000e+00
1.600000000000000000e+01 4.400000000000000000e+01 2.660527873980965524e+03 2.000000000000000000e+00
1.430000000000000000e+02 2.000000000000000000e+02 2.707709721342056127e+03 6.000000000000000000e+00
2.200000000000000000e+01 7.300000000000000000e+01 2.765563641502984410e+03 2.000000000000000000e+00
1.090000000000000000e+02 2.020000000000000000e+02 2.769754369996493551e+03 5.000000000000000000e+00
4.500000000000000000e+01 2.260000000000000000e+02 2.793977974601579717e+03 7.000000000000000000e+00
1.860000000000000000e+02 2.110000000000000000e+02 2.794415231164874513e+03 1.000000000000000000e+01
3.400000000000000000e+01 2.150000000000000000e+02 2.865381777236930702e+03 6.000000000000000000e+00
2.050000000000000000e+02 2.240000000000000000e+02 2.902202429549191493e+03 9.000000000000000000e+00
1.100000000000000000e+02 2.140000000000000000e+02 3.035903440434319236e+03 6.000000000000000000e+00
1.180000000000000000e+02 2.300000000000000000e+02 3.051294845442510450e+03 1.100000000000000000e+01
7.100000000000000000e+01 1.140000000000000000e+02 3.118742468776133592e+03 2.000000000000000000e+00
1.760000000000000000e+02 2.280000000000000000e+02 3.120949841945340722e+03 1.000000000000000000e+01
9.600000000000000000e+01 2.210000000000000000e+02 3.127081939334872004e+03 8.000000000000000000e+00
2.070000000000000000e+02 2.220000000000000000e+02 3.229395011072763737e+03 7.000000000000000000e+00
2.160000000000000000e+02 2.190000000000000000e+02 3.389562509591344678e+03 1.200000000000000000e+01
1.490000000000000000e+02 2.330000000000000000e+02 3.402671154410814324e+03 7.000000000000000000e+00
3.000000000000000000e+00 1.300000000000000000e+01 3.545312797515843158e+03 2.000000000000000000e+00
7.600000000000000000e+01 2.200000000000000000e+02 3.645145604263694622e+03 3.000000000000000000e+00
4.000000000000000000e+00 1.700000000000000000e+01 3.745625743928145312e+03 2.000000000000000000e+00
2.290000000000000000e+02 2.310000000000000000e+02 4.204494728726688663e+03 1.300000000000000000e+01
9.700000000000000000e+01 2.250000000000000000e+02 4.254453826981819475e+03 3.000000000000000000e+00
3.800000000000000000e+01 2.230000000000000000e+02 4.260631447759984439e+03 3.000000000000000000e+00
1.200000000000000000e+02 1.360000000000000000e+02 4.361113462559526852e+03 2.000000000000000000e+00
1.610000000000000000e+02 1.890000000000000000e+02 4.366590123459619463e+03 4.000000000000000000e+00
2.300000000000000000e+01 2.800000000000000000e+01 4.366903786013615900e+03 2.000000000000000000e+00
9.000000000000000000e+00 1.200000000000000000e+01 4.461016003360873583e+03 2.000000000000000000e+00
1.400000000000000000e+01 2.270000000000000000e+02 4.483169193410623848e+03 3.000000000000000000e+00
1.130000000000000000e+02 2.130000000000000000e+02 4.512082214933345313e+03 5.000000000000000000e+00
1.740000000000000000e+02 2.360000000000000000e+02 4.540036517749867926e+03 1.200000000000000000e+01
1.120000000000000000e+02 1.220000000000000000e+02 4.655661668268903668e+03 2.000000000000000000e+00
7.200000000000000000e+01 2.170000000000000000e+02 4.688953967801423460e+03 7.000000000000000000e+00
9.300000000000000000e+01 9.400000000000000000e+01 4.720302720827227859e+03 2.000000000000000000e+00
2.370000000000000000e+02 2.400000000000000000e+02 4.857318137546892103e+03 1.500000000000000000e+01
2.340000000000000000e+02 2.380000000000000000e+02 4.872800059540633811e+03 1.800000000000000000e+01
6.000000000000000000e+00 9.900000000000000000e+01 4.942705162971383288e+03 2.000000000000000000e+00
1.900000000000000000e+01 2.410000000000000000e+02 5.331375644745765385e+03 3.000000000000000000e+00
2.700000000000000000e+01 2.900000000000000000e+01 5.401350654064993250e+03 2.000000000000000000e+00
7.700000000000000000e+01 2.460000000000000000e+02 6.047355333894846808e+03 4.000000000000000000e+00
1.030000000000000000e+02 2.390000000000000000e+02 6.171979524241546642e+03 1.300000000000000000e+01
1.150000000000000000e+02 2.480000000000000000e+02 6.330817368874342719e+03 5.000000000000000000e+00
2.000000000000000000e+01 2.100000000000000000e+01 6.339213437111202438e+03 2.000000000000000000e+00
9.200000000000000000e+01 2.350000000000000000e+02 6.356518930281656139e+03 3.000000000000000000e+00
5.000000000000000000e+00 3.000000000000000000e+01 6.497026548346938398e+03 2.000000000000000000e+00
2.320000000000000000e+02 2.630000000000000000e+02 6.561258129097541314e+03 2.200000000000000000e+01
8.600000000000000000e+01 1.230000000000000000e+02 6.640647568171095372e+03 2.000000000000000000e+00
2.590000000000000000e+02 2.670000000000000000e+02 6.778549315769589157e+03 4.000000000000000000e+00
3.300000000000000000e+01 2.520000000000000000e+02 6.790337436321038695e+03 6.000000000000000000e+00
2.120000000000000000e+02 2.620000000000000000e+02 6.956038515844642461e+03 6.000000000000000000e+00
7.000000000000000000e+00 1.000000000000000000e+01 6.989861772515744633e+03 2.000000000000000000e+00
2.510000000000000000e+02 2.610000000000000000e+02 7.035793389229331297e+03 5.000000000000000000e+00
2.440000000000000000e+02 2.530000000000000000e+02 7.874378447906659858e+03 2.500000000000000000e+01
8.000000000000000000e+00 2.600000000000000000e+02 8.080047642901641666e+03 4.000000000000000000e+00
2.560000000000000000e+02 2.660000000000000000e+02 8.438986000854833037e+03 5.000000000000000000e+00
2.450000000000000000e+02 2.700000000000000000e+02 8.534076368567133613e+03 7.000000000000000000e+00
1.020000000000000000e+02 2.770000000000000000e+02 8.619349211568840474e+03 6.000000000000000000e+00
6.000000000000000000e+01 2.750000000000000000e+02 8.678767656439575148e+03 2.600000000000000000e+01
1.500000000000000000e+01 2.500000000000000000e+02 8.822662678828619391e+03 3.000000000000000000e+00
1.800000000000000000e+01 2.430000000000000000e+02 9.065832968613622143e+03 3.000000000000000000e+00
2.000000000000000000e+00 1.100000000000000000e+01 9.113339418515635771e+03 2.000000000000000000e+00
2.550000000000000000e+02 2.710000000000000000e+02 9.288237917331069184e+03 1.300000000000000000e+01
2.420000000000000000e+02 2.690000000000000000e+02 9.475919073860177377e+03 5.000000000000000000e+00
2.570000000000000000e+02 2.640000000000000000e+02 9.476808165065202047e+03 2.000000000000000000e+01
2.580000000000000000e+02 2.680000000000000000e+02 1.016598047680217314e+04 4.000000000000000000e+01
2.600000000000000000e+01 2.740000000000000000e+02 1.062692153402186159e+04 6.000000000000000000e+00
1.000000000000000000e+00 2.730000000000000000e+02 1.102277205669795876e+04 3.000000000000000000e+00
2.490000000000000000e+02 2.780000000000000000e+02 1.135483477528354160e+04 9.000000000000000000e+00
2.760000000000000000e+02 2.810000000000000000e+02 1.240071714551896002e+04 7.000000000000000000e+00
2.090000000000000000e+02 2.650000000000000000e+02 1.240080094558496239e+04 4.000000000000000000e+00
0.000000000000000000e+00 2.830000000000000000e+02 1.394460527050581004e+04 3.000000000000000000e+00
2.720000000000000000e+02 2.840000000000000000e+02 1.481217768022773089e+04 1.900000000000000000e+01
2.540000000000000000e+02 2.860000000000000000e+02 1.604406839208548809e+04 2.200000000000000000e+01
2.790000000000000000e+02 2.850000000000000000e+02 1.716226076851080506e+04 1.100000000000000000e+01
2.870000000000000000e+02 2.950000000000000000e+02 1.886954074934708115e+04 6.200000000000000000e+01
2.820000000000000000e+02 2.910000000000000000e+02 2.118566308043507161e+04 1.000000000000000000e+01
2.800000000000000000e+02 2.940000000000000000e+02 2.146377237420986421e+04 4.500000000000000000e+01
2.880000000000000000e+02 2.900000000000000000e+02 2.272604802303971883e+04 1.500000000000000000e+01
2.920000000000000000e+02 2.960000000000000000e+02 2.989217929539543911e+04 1.500000000000000000e+01
2.970000000000000000e+02 2.990000000000000000e+02 3.512360305894176417e+04 1.070000000000000000e+02
2.890000000000000000e+02 2.930000000000000000e+02 3.577427937524634763e+04 6.000000000000000000e+00
2.980000000000000000e+02 3.000000000000000000e+02 5.009154176790008205e+04 2.500000000000000000e+01
2.470000000000000000e+02 3.020000000000000000e+02 5.781198500319890445e+04 1.090000000000000000e+02
3.010000000000000000e+02 3.050000000000000000e+02 7.721847278747659584e+04 1.240000000000000000e+02
3.030000000000000000e+02 3.040000000000000000e+02 9.033457268154277699e+04 3.100000000000000000e+01
3.060000000000000000e+02 3.070000000000000000e+02 1.677934787305129285e+05 1.550000000000000000e+02
