1.500000000000000000e+01 2.300000000000000000e+01 1.305401045135907712e+00 2.000000000000000000e+00
8.000000000000000000e+00 1.700000000000000000e+01 1.417553780779605033e+00 2.000000000000000000e+00
1.240000000000000000e+02 1.470000000000000000e+02 1.521455290266408023e+00 2.000000000000000000e+00
1.170000000000000000e+02 1.330000000000000000e+02 1.662786139986167200e+00 2.000000000000000000e+00
9.700000000000000000e+01 1.320000000000000000e+02 1.739639905905312478e+00 2.000000000000000000e+00
5.600000000000000000e+01 1.380000000000000000e+02 1.780602118224824837e+00 2.000000000000000000e+00
7.800000000000000000e+01 9.500000000000000000e+01 1.788032295078621381e+00 2.000000000000000000e+00
1.900000000000000000e+01 3.000000000000000000e+01 1.820047409995743326e+00 2.000000000000000000e+00
1.400000000000000000e+01 2.900000000000000000e+01 1.836328017775032073e+00 2.000000000000000000e+00
1.600000000000000000e+01 2.700000000000000000e+01 1.842369262539363728e+00 2.000000000000000000e+00
1.200000000000000000e+01 2.400000000000000000e+01 1.892416646726658769e+00 2.000000000000000000e+00
6.500000000000000000e+01 7.300000000000000000e+01 1.945926700662955922e+00 2.000000000000000000e+00
1.800000000000000000e+01 6.700000000000000000e+01 1.972280421759340374e+00 2.000000000000000000e+00
1.250000000000000000e+02 1.420000000000000000e+02 1.978276391406071699e+00 2.000000000000000000e+00
1.290000000000000000e+02 1.500000000000000000e+02 1.991066533361535829e+00 2.000000000000000000e+00
1.070000000000000000e+02 1.160000000000000000e+02 2.064892935618093173e+00 2.000000000000000000e+00
1.580000000000000000e+02 1.680000000000000000e+02 2.078820000608855079e+00 4.000000000000000000e+00
3.200000000000000000e+01 8.700000000000000000e+01 2.085959008250295010e+00 2.000000000000000000e+00
5.000000000000000000e+00 7.000000000000000000e+00 2.096945383795613349e+00 2.000000000000000000e+00
1.000000000000000000e+02 1.520000000000000000e+02 2.106374453001801150e+00 2.000000000000000000e+00
1.510000000000000000e+02 1.570000000000000000e+02 2.114004974665939951e+00 3.000000000000000000e+00
2.000000000000000000e+00 1.650000000000000000e+02 2.125272033478056599e+00 3.000000000000000000e+00
6.900000000000000000e+01 7.900000000000000000e+01 2.130374170255248334e+00 2.000000000000000000e+00
9.000000000000000000e+00 1.620000000000000000e+02 2.143252107282496599e+00 3.000000000000000000e+00
1.270000000000000000e+02 1.750000000000000000e+02 2.148087536229926098e+00 4.000000000000000000e+00
1.410000000000000000e+02 1.690000000000000000e+02 2.151831530069923559e+00 3.000000000000000000e+00
1.260000000000000000e+02 1.590000000000000000e+02 2.161899703448260546e+00 3.000000000000000000e+00
1.210000000000000000e+02 1.350000000000000000e+02 2.226899016092988237e+00 2.000000000000000000e+00
2.000000000000000000e+01 1.550000000000000000e+02 2.265780473011588469e+00 3.000000000000000000e+00
4.900000000000000000e+01 5.000000000000000000e+01 2.267408634375985166e+00 2.000000000000000000e+00
4.200000000000000000e+01 1.770000000000000000e+02 2.309396183238395128e+00 3.000000000000000000e+00
1.010000000000000000e+02 1.720000000000000000e+02 2.488019018619218592e+00 3.000000000000000000e+00
1.440000000000000000e+02 1.820000000000000000e+02 2.505844288755228799e+00 3.000000000000000000e+00
4.700000000000000000e+01 6.200000000000000000e+01 2.562959300348893965e+00 2.000000000000000000e+00
1.540000000000000000e+02 1.600000000000000000e+02 2.570805877709890108e+00 3.000000000000000000e+00
9.300000000000000000e+01 1.340000000000000000e+02 2.576460983833406715e+00 2.000000000000000000e+00
4.000000000000000000e+01 4.100000000000000000e+01 2.581139418327571100e+00 2.000000000000000000e+00
6.600000000000000000e+01 1.850000000000000000e+02 2.606944512719115092e+00 4.000000000000000000e+00
1.090000000000000000e+02 1.630000000000000000e+02 2.614622992259464596e+00 3.000000000000000000e+00
7.200000000000000000e+01 8.200000000000000000e+01 2.632913380816086946e+00 2.000000000000000000e+00
9.000000000000000000e+01 1.140000000000000000e+02 2.663103956080803414e+00 2.000000000000000000e+00
1.430000000000000000e+02 1.790000000000000000e+02 2.667137422813128822e+00 5.000000000000000000e+00
2.200000000000000000e+01 3.100000000000000000e+01 2.867921496885571742e+00 2.000000000000000000e+00
3.000000000000000000e+00 4.000000000000000000e+00 2.874840783172204706e+00 2.000000000000000000e+00
9.100000000000000000e+01 1.390000000000000000e+02 2.913742679780569222e+00 2.000000000000000000e+00
1.000000000000000000e+01 1.780000000000000000e+02 2.931704347440724501e+00 4.000000000000000000e+00
7.600000000000000000e+01 1.710000000000000000e+02 2.954212859637972866e+00 5.000000000000000000e+00
9.200000000000000000e+01 1.920000000000000000e+02 2.990509615707316105e+00 5.000000000000000000e+00
6.100000000000000000e+01 1.880000000000000000e+02 3.064026659704405020e+00 3.000000000000000000e+00
4.400000000000000000e+01 1.670000000000000000e+02 3.111821633864633618e+00 3.000000000000000000e+00
5.100000000000000000e+01 8.000000000000000000e+01 3.135949353587892841e+00 2.000000000000000000e+00
7.000000000000000000e+01 1.610000000000000000e+02 3.173153792626608460e+00 3.000000000000000000e+00
8.300000000000000000e+01 8.800000000000000000e+01 3.210662389570459574e+00 2.000000000000000000e+00
8.100000000000000000e+01 1.800000000000000000e+02 3.212963263069503750e+00 4.000000000000000000e+00
1.450000000000000000e+02 1.870000000000000000e+02 3.247777528510930267e+00 4.000000000000000000e+00
1.000000000000000000e+00 1.100000000000000000e+01 3.321034310881158635e+00 2.000000000000000000e+00
1.960000000000000000e+02 2.010000000000000000e+02 3.326094230818083641e+00 1.000000000000000000e+01
6.400000000000000000e+01 1.910000000000000000e+02 3.329078417634520726e+00 3.000000000000000000e+00
1.190000000000000000e+02 1.900000000000000000e+02 3.367358800867690238e+00 3.000000000000000000e+00
7.500000000000000000e+01 8.600000000000000000e+01 3.634672627778167797e+00 2.000000000000000000e+00
2.100000000000000000e+01 1.730000000000000000e+02 3.668209551434430615e+00 3.000000000000000000e+00
3.500000000000000000e+01 1.940000000000000000e+02 3.679502910053548348e+00 3.000000000000000000e+00
4.600000000000000000e+01 2.060000000000000000e+02 3.731459778165503227e+00 4.000000000000000000e+00
1.400000000000000000e+02 1.460000000000000000e+02 3.795841946072174622e+00 2.000000000000000000e+00
5.300000000000000000e+01 1.990000000000000000e+02 3.870650914992431524e+00 3.000000000000000000e+00
6.000000000000000000e+00 2.600000000000000000e+01 3.877213943491653048e+00 2.000000000000000000e+00
1.480000000000000000e+02 2.130000000000000000e+02 3.877455462103677863e+00 4.000000000000000000e+00
7.400000000000000000e+01 2.070000000000000000e+02 4.001620725243456356e+00 3.000000000000000000e+00
4.300000000000000000e+01 1.660000000000000000e+02 4.048961226229324417e+00 3.000000000000000000e+00
2.050000000000000000e+02 2.230000000000000000e+02 4.090158071577821630e+00 5.000000000000000000e+00
8.400000000000000000e+01 2.210000000000000000e+02 4.169433376509483757e+00 5.000000000000000000e+00
2.160000000000000000e+02 2.190000000000000000e+02 4.188263408409548028e+00 6.000000000000000000e+00
5.200000000000000000e+01 5.400000000000000000e+01 4.198897459607933591e+00 2.000000000000000000e+00
3.700000000000000000e+01 2.140000000000000000e+02 4.234890886368952501e+00 3.000000000000000000e+00
1.080000000000000000e+02 1.280000000000000000e+02 4.328836518205669393e+00 2.000000000000000000e+00
7.100000000000000000e+01 1.950000000000000000e+02 4.371040159748832643e+00 3.000000000000000000e+00
8.900000000000000000e+01 2.280000000000000000e+02 4.384166838076215100e+00 4.000000000000000000e+00
9.600000000000000000e+01 2.180000000000000000e+02 4.478604710185981830e+00 3.000000000000000000e+00
1.300000000000000000e+02 2.080000000000000000e+02 4.500417695442616051e+00 5.000000000000000000e+00
9.900000000000000000e+01 2.020000000000000000e+02 4.570417766761385892e+00 6.000000000000000000e+00
1.640000000000000000e+02 1.830000000000000000e+02 4.599085749078287932e+00 5.000000000000000000e+00
1.100000000000000000e+02 2.310000000000000000e+02 4.790173512436270542e+00 5.000000000000000000e+00
2.030000000000000000e+02 2.300000000000000000e+02 4.878617282037564173e+00 6.000000000000000000e+00
2.270000000000000000e+02 2.340000000000000000e+02 4.916267911589688566e+00 8.000000000000000000e+00
1.760000000000000000e+02 2.000000000000000000e+02 4.922383240282085737e+00 7.000000000000000000e+00
7.700000000000000000e+01 2.220000000000000000e+02 5.091481480978411689e+00 4.000000000000000000e+00
6.800000000000000000e+01 2.250000000000000000e+02 5.308751748888900224e+00 6.000000000000000000e+00
3.800000000000000000e+01 2.170000000000000000e+02 5.311319591419211505e+00 5.000000000000000000e+00
1.180000000000000000e+02 2.110000000000000000e+02 5.329668795879498155e+00 1.100000000000000000e+01
9.400000000000000000e+01 2.090000000000000000e+02 5.433455310333170196e+00 5.000000000000000000e+00
5.900000000000000000e+01 2.370000000000000000e+02 5.556293064155366501e+00 7.000000000000000000e+00
1.840000000000000000e+02 2.120000000000000000e+02 5.578527198715383939e+00 5.000000000000000000e+00
4.800000000000000000e+01 1.060000000000000000e+02 5.586072140239457973e+00 2.000000000000000000e+00
3.300000000000000000e+01 2.200000000000000000e+02 5.652561302141662303e+00 3.000000000000000000e+00
1.310000000000000000e+02 1.700000000000000000e+02 5.676297944700603004e+00 3.000000000000000000e+00
2.360000000000000000e+02 2.400000000000000000e+02 5.718170443448882700e+00 9.000000000000000000e+00
2.500000000000000000e+01 1.970000000000000000e+02 5.758168539466151259e+00 3.000000000000000000e+00
0.000000000000000000e+00 1.980000000000000000e+02 5.856823504487371324e+00 3.000000000000000000e+00
1.890000000000000000e+02 2.430000000000000000e+02 5.889459544213312192e+00 1.400000000000000000e+01
2.800000000000000000e+01 1.930000000000000000e+02 6.015377236063738309e+00 4.000000000000000000e+00
1.020000000000000000e+02 2.420000000000000000e+02 6.114826705541910989e+00 6.000000000000000000e+00
1.810000000000000000e+02 2.330000000000000000e+02 6.135032020427571453e+00 8.000000000000000000e+00
8.500000000000000000e+01 2.410000000000000000e+02 6.172580293487237135e+00 7.000000000000000000e+00
1.860000000000000000e+02 2.440000000000000000e+02 6.176719761737428094e+00 8.000000000000000000e+00
1.370000000000000000e+02 2.290000000000000000e+02 6.342662235687704708e+00 3.000000000000000000e+00
1.300000000000000000e+01 2.150000000000000000e+02 6.369690008973726947e+00 4.000000000000000000e+00
6.300000000000000000e+01 2.500000000000000000e+02 6.485958963869834726e+00 1.000000000000000000e+01
5.800000000000000000e+01 2.610000000000000000e+02 6.938585545432526480e+00 1.100000000000000000e+01
1.490000000000000000e+02 2.570000000000000000e+02 7.001832025763641276e+00 8.000000000000000000e+00
1.110000000000000000e+02 1.360000000000000000e+02 7.031041109199118289e+00 2.000000000000000000e+00
3.400000000000000000e+01 5.700000000000000000e+01 7.034470657365839763e+00 2.000000000000000000e+00
2.240000000000000000e+02 2.550000000000000000e+02 7.161728384446329976e+00 1.100000000000000000e+01
2.260000000000000000e+02 2.620000000000000000e+02 8.155178283240372750e+00 1.700000000000000000e+01
2.320000000000000000e+02 2.490000000000000000e+02 8.164934899011610625e+00 6.000000000000000000e+00
2.470000000000000000e+02 2.590000000000000000e+02 8.402273847905959769e+00 5.000000000000000000e+00
2.040000000000000000e+02 2.460000000000000000e+02 8.546313667528767866e+00 8.000000000000000000e+00
4.500000000000000000e+01 2.380000000000000000e+02 9.223753192179799498e+00 9.000000000000000000e+00
2.510000000000000000e+02 2.650000000000000000e+02 9.295570832317679333e+00 5.000000000000000000e+00
1.200000000000000000e+02 2.390000000000000000e+02 9.306249645033830120e+00 8.000000000000000000e+00
9.800000000000000000e+01 2.530000000000000000e+02 9.714412753398566025e+00 1.500000000000000000e+01
2.630000000000000000e+02 2.740000000000000000e+02 9.941968447434094358e+00 2.300000000000000000e+01
2.100000000000000000e+02 2.600000000000000000e+02 1.014807023620747906e+01 6.000000000000000000e+00
2.350000000000000000e+02 2.540000000000000000e+02 1.074918562424025303e+01 9.000000000000000000e+00
2.660000000000000000e+02 2.710000000000000000e+02 1.081270569835859696e+01 2.000000000000000000e+01
2.450000000000000000e+02 2.670000000000000000e+02 1.190685527165937430e+01 2.400000000000000000e+01
1.030000000000000000e+02 2.560000000000000000e+02 1.204321849797838695e+01 9.000000000000000000e+00
5.500000000000000000e+01 2.680000000000000000e+02 1.205040350447915110e+01 7.000000000000000000e+00
1.130000000000000000e+02 2.780000000000000000e+02 1.213986171990296725e+01 2.100000000000000000e+01
3.600000000000000000e+01 2.750000000000000000e+02 1.263310710971849993e+01 2.400000000000000000e+01
1.050000000000000000e+02 2.640000000000000000e+02 1.296735319087493465e+01 3.000000000000000000e+00
2.800000000000000000e+02 2.810000000000000000e+02 1.309591283410367524e+01 1.600000000000000000e+01
1.220000000000000000e+02 1.530000000000000000e+02 1.429411249104600046e+01 2.000000000000000000e+00
2.480000000000000000e+02 2.720000000000000000e+02 1.445685036418449521e+01 8.000000000000000000e+00
1.740000000000000000e+02 2.690000000000000000e+02 1.502421134027773597e+01 7.000000000000000000e+00
6.000000000000000000e+01 2.700000000000000000e+02 1.525186579489075100e+01 9.000000000000000000e+00
2.580000000000000000e+02 2.830000000000000000e+02 1.682407535042499802e+01 3.200000000000000000e+01
1.120000000000000000e+02 2.840000000000000000e+02 1.735035780813480599e+01 4.000000000000000000e+00
2.730000000000000000e+02 2.760000000000000000e+02 1.775209675877425042e+01 1.400000000000000000e+01
2.820000000000000000e+02 2.890000000000000000e+02 2.356513545609859150e+01 3.000000000000000000e+01
2.860000000000000000e+02 2.910000000000000000e+02 2.581570324904604519e+01 6.000000000000000000e+00
2.770000000000000000e+02 2.920000000000000000e+02 2.587230878806405343e+01 2.300000000000000000e+01
2.850000000000000000e+02 2.900000000000000000e+02 2.645705425628568719e+01 4.800000000000000000e+01
2.790000000000000000e+02 2.930000000000000000e+02 3.063544817885913218e+01 5.400000000000000000e+01
3.900000000000000000e+01 2.960000000000000000e+02 3.400309951675543374e+01 4.900000000000000000e+01
1.560000000000000000e+02 2.950000000000000000e+02 3.878264759084152757e+01 2.500000000000000000e+01
2.880000000000000000e+02 2.940000000000000000e+02 4.122037755266179460e+01 1.300000000000000000e+01
2.870000000000000000e+02 2.990000000000000000e+02 4.793520442797318282e+01 3.300000000000000000e+01
2.970000000000000000e+02 2.980000000000000000e+02 5.798340471480201330e+01 1.030000000000000000e+02
1.040000000000000000e+02 1.230000000000000000e+02 6.700607642781497475e+01 2.000000000000000000e+00
3.000000000000000000e+02 3.030000000000000000e+02 8.667926048575017717e+01 1.500000000000000000e+01
2.520000000000000000e+02 3.010000000000000000e+02 9.402516329614218193e+01 3.600000000000000000e+01
3.020000000000000000e+02 3.040000000000000000e+02 1.103305029015022996e+02 1.180000000000000000e+02
3.050000000000000000e+02 3.060000000000000000e+02 1.445520718956368569e+02 1.540000000000000000e+02
1.150000000000000000e+02 3.070000000000000000e+02 4.565906471924413345e+05 1.550000000000000000e+02
