5.000000000000000000e+01 7.900000000000000000e+01 7.435737316046001411e+00 2.000000000000000000e+00
1.180000000000000000e+02 1.190000000000000000e+02 8.315026503440096306e+00 2.000000000000000000e+00
1.270000000000000000e+02 1.460000000000000000e+02 8.656037980599320392e+00 2.000000000000000000e+00
5.900000000000000000e+01 1.250000000000000000e+02 9.497117148025834510e+00 2.000000000000000000e+00
1.060000000000000000e+02 1.170000000000000000e+02 9.743371342832931603e+00 2.000000000000000000e+00
6.200000000000000000e+01 6.300000000000000000e+01 1.003145338877667214e+01 2.000000000000000000e+00
4.200000000000000000e+01 5.100000000000000000e+01 1.030649892668071388e+01 2.000000000000000000e+00
8.200000000000000000e+01 9.100000000000000000e+01 1.072042069675654474e+01 2.000000000000000000e+00
4.000000000000000000e+01 6.600000000000000000e+01 1.153297364010738413e+01 2.000000000000000000e+00
4.500000000000000000e+01 1.550000000000000000e+02 1.184377800484354282e+01 3.000000000000000000e+00
3.900000000000000000e+01 4.900000000000000000e+01 1.232005727980477516e+01 2.000000000000000000e+00
1.340000000000000000e+02 1.400000000000000000e+02 1.238656179671830593e+01 2.000000000000000000e+00
6.500000000000000000e+01 6.900000000000000000e+01 1.270548679187098173e+01 2.000000000000000000e+00
4.300000000000000000e+01 5.300000000000000000e+01 1.294970236184267165e+01 2.000000000000000000e+00
1.310000000000000000e+02 1.370000000000000000e+02 1.294980238840187603e+01 2.000000000000000000e+00
5.700000000000000000e+01 1.600000000000000000e+02 1.299818510848841413e+01 3.000000000000000000e+00
3.500000000000000000e+01 3.600000000000000000e+01 1.374804402666564584e+01 2.000000000000000000e+00
8.900000000000000000e+01 1.630000000000000000e+02 1.420750554375083041e+01 3.000000000000000000e+00
3.200000000000000000e+01 4.600000000000000000e+01 1.424458848250357867e+01 2.000000000000000000e+00
1.300000000000000000e+02 1.470000000000000000e+02 1.430289340839521195e+01 2.000000000000000000e+00
1.420000000000000000e+02 1.500000000000000000e+02 1.464470944223513982e+01 2.000000000000000000e+00
7.500000000000000000e+01 1.620000000000000000e+02 1.465078595905260528e+01 3.000000000000000000e+00
5.800000000000000000e+01 1.640000000000000000e+02 1.542695481033466542e+01 4.000000000000000000e+00
5.200000000000000000e+01 1.610000000000000000e+02 1.587077641044032816e+01 3.000000000000000000e+00
3.100000000000000000e+01 1.680000000000000000e+02 1.656185239549073884e+01 3.000000000000000000e+00
1.580000000000000000e+02 1.690000000000000000e+02 1.658971386525330161e+01 4.000000000000000000e+00
1.650000000000000000e+02 1.780000000000000000e+02 1.678178667019714609e+01 5.000000000000000000e+00
3.400000000000000000e+01 6.000000000000000000e+01 1.709589852136517152e+01 2.000000000000000000e+00
1.000000000000000000e+00 4.000000000000000000e+00 1.712070910238740140e+01 2.000000000000000000e+00
2.800000000000000000e+01 3.000000000000000000e+01 1.731128443078828383e+01 2.000000000000000000e+00
9.300000000000000000e+01 9.400000000000000000e+01 1.731148533842434034e+01 2.000000000000000000e+00
8.100000000000000000e+01 1.520000000000000000e+02 1.733839367538742948e+01 2.000000000000000000e+00
5.500000000000000000e+01 1.670000000000000000e+02 1.777526731348461553e+01 3.000000000000000000e+00
1.240000000000000000e+02 1.750000000000000000e+02 1.808555638887571959e+01 3.000000000000000000e+00
8.500000000000000000e+01 1.480000000000000000e+02 1.820727865020401737e+01 2.000000000000000000e+00
1.090000000000000000e+02 1.430000000000000000e+02 1.849367455774018154e+01 2.000000000000000000e+00
4.700000000000000000e+01 5.400000000000000000e+01 1.852198156784227123e+01 2.000000000000000000e+00
1.260000000000000000e+02 1.660000000000000000e+02 1.852743869722726089e+01 3.000000000000000000e+00
1.760000000000000000e+02 1.770000000000000000e+02 1.890172359007517855e+01 7.000000000000000000e+00
6.700000000000000000e+01 1.820000000000000000e+02 1.899187266570286070e+01 3.000000000000000000e+00
1.280000000000000000e+02 1.350000000000000000e+02 1.910114786045587110e+01 2.000000000000000000e+00
1.200000000000000000e+02 1.360000000000000000e+02 1.999960881108852462e+01 2.000000000000000000e+00
1.710000000000000000e+02 1.800000000000000000e+02 2.073649935004600309e+01 6.000000000000000000e+00
8.700000000000000000e+01 1.110000000000000000e+02 2.076936649985691830e+01 2.000000000000000000e+00
1.040000000000000000e+02 1.730000000000000000e+02 2.116038143590974840e+01 3.000000000000000000e+00
6.800000000000000000e+01 1.740000000000000000e+02 2.143452509373131676e+01 3.000000000000000000e+00
7.000000000000000000e+01 1.450000000000000000e+02 2.221911910431827408e+01 2.000000000000000000e+00
1.490000000000000000e+02 1.920000000000000000e+02 2.267697504817375886e+01 4.000000000000000000e+00
1.070000000000000000e+02 1.900000000000000000e+02 2.348289195504576554e+01 3.000000000000000000e+00
8.800000000000000000e+01 1.990000000000000000e+02 2.394897751921557827e+01 4.000000000000000000e+00
1.010000000000000000e+02 1.930000000000000000e+02 2.410492006497517181e+01 8.000000000000000000e+00
1.700000000000000000e+02 1.980000000000000000e+02 2.412560665862958942e+01 5.000000000000000000e+00
9.800000000000000000e+01 1.210000000000000000e+02 2.460052610278264140e+01 2.000000000000000000e+00
7.800000000000000000e+01 1.910000000000000000e+02 2.476495213750478896e+01 3.000000000000000000e+00
1.300000000000000000e+01 1.900000000000000000e+01 2.483293990478077973e+01 2.000000000000000000e+00
1.810000000000000000e+02 1.970000000000000000e+02 2.488437469934497059e+01 1.100000000000000000e+01
1.380000000000000000e+02 1.410000000000000000e+02 2.587332507881075117e+01 2.000000000000000000e+00
1.500000000000000000e+01 2.200000000000000000e+01 2.588106225191118881e+01 2.000000000000000000e+00
6.400000000000000000e+01 2.060000000000000000e+02 2.605284873374875332e+01 6.000000000000000000e+00
3.300000000000000000e+01 1.940000000000000000e+02 2.655127361031976463e+01 4.000000000000000000e+00
7.700000000000000000e+01 9.000000000000000000e+01 2.656997293128558013e+01 2.000000000000000000e+00
2.600000000000000000e+01 2.900000000000000000e+01 2.676579007559974599e+01 2.000000000000000000e+00
5.600000000000000000e+01 7.200000000000000000e+01 2.677419259443428601e+01 2.000000000000000000e+00
3.000000000000000000e+00 9.000000000000000000e+00 2.717041998771965794e+01 2.000000000000000000e+00
1.330000000000000000e+02 1.790000000000000000e+02 2.747747919123764859e+01 4.000000000000000000e+00
0.000000000000000000e+00 5.000000000000000000e+00 2.825348013253752200e+01 2.000000000000000000e+00
4.800000000000000000e+01 1.870000000000000000e+02 2.827374679836125893e+01 4.000000000000000000e+00
2.300000000000000000e+01 2.120000000000000000e+02 2.870866171422560953e+01 3.000000000000000000e+00
6.100000000000000000e+01 1.950000000000000000e+02 2.886719827905519509e+01 3.000000000000000000e+00
1.030000000000000000e+02 1.050000000000000000e+02 2.960999992691922245e+01 2.000000000000000000e+00
1.700000000000000000e+01 2.090000000000000000e+02 3.008540573230219906e+01 3.000000000000000000e+00
1.720000000000000000e+02 2.000000000000000000e+02 3.019164308213736447e+01 6.000000000000000000e+00
2.080000000000000000e+02 2.170000000000000000e+02 3.023310949061176700e+01 5.000000000000000000e+00
2.500000000000000000e+01 2.700000000000000000e+01 3.069604607951752229e+01 2.000000000000000000e+00
1.220000000000000000e+02 1.320000000000000000e+02 3.168822341727542380e+01 2.000000000000000000e+00
2.000000000000000000e+00 1.830000000000000000e+02 3.209951220450303566e+01 3.000000000000000000e+00
2.100000000000000000e+02 2.190000000000000000e+02 3.332772371699991965e+01 1.500000000000000000e+01
2.000000000000000000e+01 2.160000000000000000e+02 3.339601686798317814e+01 3.000000000000000000e+00
1.400000000000000000e+01 2.100000000000000000e+01 3.452618278014165298e+01 2.000000000000000000e+00
2.040000000000000000e+02 2.140000000000000000e+02 3.463145025532622867e+01 8.000000000000000000e+00
1.860000000000000000e+02 2.210000000000000000e+02 3.494537718877684540e+01 6.000000000000000000e+00
3.800000000000000000e+01 7.100000000000000000e+01 3.519812664022621362e+01 2.000000000000000000e+00
2.010000000000000000e+02 2.340000000000000000e+02 3.536549730614089526e+01 1.000000000000000000e+01
3.700000000000000000e+01 2.050000000000000000e+02 3.580153498948261870e+01 9.000000000000000000e+00
9.200000000000000000e+01 1.850000000000000000e+02 3.591669334734547192e+01 3.000000000000000000e+00
1.290000000000000000e+02 1.390000000000000000e+02 3.591801822493187757e+01 2.000000000000000000e+00
1.800000000000000000e+01 2.220000000000000000e+02 3.609940417030513515e+01 4.000000000000000000e+00
1.000000000000000000e+02 1.540000000000000000e+02 3.676052124714693292e+01 2.000000000000000000e+00
1.100000000000000000e+01 2.180000000000000000e+02 3.708928808201433469e+01 3.000000000000000000e+00
1.120000000000000000e+02 1.570000000000000000e+02 3.716082724601282905e+01 3.000000000000000000e+00
2.070000000000000000e+02 2.110000000000000000e+02 3.838776750514750802e+01 4.000000000000000000e+00
8.000000000000000000e+01 2.230000000000000000e+02 3.854893295376645312e+01 4.000000000000000000e+00
2.200000000000000000e+02 2.300000000000000000e+02 3.868340168257216050e+01 5.000000000000000000e+00
2.260000000000000000e+02 2.350000000000000000e+02 3.870845045702529319e+01 1.200000000000000000e+01
1.890000000000000000e+02 2.370000000000000000e+02 3.883887099172318358e+01 1.200000000000000000e+01
2.150000000000000000e+02 2.270000000000000000e+02 3.913298449542728008e+01 7.000000000000000000e+00
1.840000000000000000e+02 2.280000000000000000e+02 3.919439331850280439e+01 4.000000000000000000e+00
8.000000000000000000e+00 1.600000000000000000e+01 3.954087810593242125e+01 2.000000000000000000e+00
1.080000000000000000e+02 1.160000000000000000e+02 4.053627416079410750e+01 2.000000000000000000e+00
1.200000000000000000e+01 2.250000000000000000e+02 4.105915660876438267e+01 4.000000000000000000e+00
1.530000000000000000e+02 2.020000000000000000e+02 4.190040503025837637e+01 5.000000000000000000e+00
8.400000000000000000e+01 1.560000000000000000e+02 4.206692654021590272e+01 3.000000000000000000e+00
2.470000000000000000e+02 2.540000000000000000e+02 4.293804847207636044e+01 9.000000000000000000e+00
2.440000000000000000e+02 2.550000000000000000e+02 4.410786541936088412e+01 8.000000000000000000e+00
2.330000000000000000e+02 2.410000000000000000e+02 4.525188100376374223e+01 6.000000000000000000e+00
2.430000000000000000e+02 2.570000000000000000e+02 4.544076108028092165e+01 1.200000000000000000e+01
2.400000000000000000e+01 1.020000000000000000e+02 4.554155752940251745e+01 2.000000000000000000e+00
9.600000000000000000e+01 1.130000000000000000e+02 4.636642372674727142e+01 2.000000000000000000e+00
2.380000000000000000e+02 2.450000000000000000e+02 4.636808988611412019e+01 1.300000000000000000e+01
2.310000000000000000e+02 2.400000000000000000e+02 4.769688581545460693e+01 1.700000000000000000e+01
8.300000000000000000e+01 9.500000000000000000e+01 4.800012122682500149e+01 2.000000000000000000e+00
2.510000000000000000e+02 2.610000000000000000e+02 5.011165225406754331e+01 6.000000000000000000e+00
2.030000000000000000e+02 2.560000000000000000e+02 5.048092186381983737e+01 6.000000000000000000e+00
2.520000000000000000e+02 2.590000000000000000e+02 5.060472256360804266e+01 8.000000000000000000e+00
2.480000000000000000e+02 2.640000000000000000e+02 5.154951498828363299e+01 2.900000000000000000e+01
1.230000000000000000e+02 2.420000000000000000e+02 5.182742725504788694e+01 3.000000000000000000e+00
1.150000000000000000e+02 2.500000000000000000e+02 5.446018025233497184e+01 8.000000000000000000e+00
2.460000000000000000e+02 2.690000000000000000e+02 5.459259164223273331e+01 3.300000000000000000e+01
6.000000000000000000e+00 2.600000000000000000e+02 5.535207408606419932e+01 1.300000000000000000e+01
2.630000000000000000e+02 2.700000000000000000e+02 5.611016835951614468e+01 1.600000000000000000e+01
1.880000000000000000e+02 2.490000000000000000e+02 5.664430085438186069e+01 1.500000000000000000e+01
2.130000000000000000e+02 2.750000000000000000e+02 5.738657526571121537e+01 2.100000000000000000e+01
2.240000000000000000e+02 2.710000000000000000e+02 6.081294013214080962e+01 1.000000000000000000e+01
1.100000000000000000e+02 2.670000000000000000e+02 6.097281113058210167e+01 7.000000000000000000e+00
7.400000000000000000e+01 1.960000000000000000e+02 6.194932283986386778e+01 3.000000000000000000e+00
7.000000000000000000e+00 1.000000000000000000e+01 6.203366439214100581e+01 2.000000000000000000e+00
7.600000000000000000e+01 2.390000000000000000e+02 6.260497020596972106e+01 4.000000000000000000e+00
2.580000000000000000e+02 2.740000000000000000e+02 6.303415130802829225e+01 2.400000000000000000e+01
2.680000000000000000e+02 2.730000000000000000e+02 6.313420329501610695e+01 2.100000000000000000e+01
1.440000000000000000e+02 1.510000000000000000e+02 6.651417995511772574e+01 2.000000000000000000e+00
1.590000000000000000e+02 2.530000000000000000e+02 6.780952241106271572e+01 4.000000000000000000e+00
2.320000000000000000e+02 2.660000000000000000e+02 6.847732668507524068e+01 9.000000000000000000e+00
8.600000000000000000e+01 2.360000000000000000e+02 7.282677719580671294e+01 3.000000000000000000e+00
4.400000000000000000e+01 9.900000000000000000e+01 7.931208589766160344e+01 2.000000000000000000e+00
2.770000000000000000e+02 2.810000000000000000e+02 7.957431989853698440e+01 1.400000000000000000e+01
2.760000000000000000e+02 2.780000000000000000e+02 8.072672925344474493e+01 2.800000000000000000e+01
7.300000000000000000e+01 2.840000000000000000e+02 8.093046235683158329e+01 3.000000000000000000e+00
4.100000000000000000e+01 2.720000000000000000e+02 8.308433670340808419e+01 3.400000000000000000e+01
2.620000000000000000e+02 2.650000000000000000e+02 8.445826347562937997e+01 4.000000000000000000e+00
2.820000000000000000e+02 2.900000000000000000e+02 8.511535108354766521e+01 5.200000000000000000e+01
2.830000000000000000e+02 2.860000000000000000e+02 8.519645208031334960e+01 3.000000000000000000e+01
2.870000000000000000e+02 2.890000000000000000e+02 9.978302437804848068e+01 1.700000000000000000e+01
2.800000000000000000e+02 2.950000000000000000e+02 1.016842505212914318e+02 3.200000000000000000e+01
1.140000000000000000e+02 2.910000000000000000e+02 1.027031429031874978e+02 4.000000000000000000e+00
2.290000000000000000e+02 2.940000000000000000e+02 1.114667227958749294e+02 5.400000000000000000e+01
9.700000000000000000e+01 2.880000000000000000e+02 1.165356858448461708e+02 3.000000000000000000e+00
2.920000000000000000e+02 2.990000000000000000e+02 1.200629346215621212e+02 8.800000000000000000e+01
2.850000000000000000e+02 2.960000000000000000e+02 1.261853632654371040e+02 2.100000000000000000e+01
2.980000000000000000e+02 3.010000000000000000e+02 1.399739586894038155e+02 9.200000000000000000e+01
2.970000000000000000e+02 3.000000000000000000e+02 1.402465209620695816e+02 3.500000000000000000e+01
2.930000000000000000e+02 3.020000000000000000e+02 1.503577334358958240e+02 2.500000000000000000e+01
2.790000000000000000e+02 3.030000000000000000e+02 1.657031681478113114e+02 9.500000000000000000e+01
3.050000000000000000e+02 3.060000000000000000e+02 2.035169362147811398e+02 1.200000000000000000e+02
3.040000000000000000e+02 3.070000000000000000e+02 2.438452680582587391e+02 1.550000000000000000e+02
