1.240000000000000000e+02 1.250000000000000000e+02 5.399832953730341387e+02 2.000000000000000000e+00
7.600000000000000000e+01 9.100000000000000000e+01 5.616364713066579952e+02 2.000000000000000000e+00
1.280000000000000000e+02 1.530000000000000000e+02 5.663052671614956353e+02 2.000000000000000000e+00
8.500000000000000000e+01 9.300000000000000000e+01 6.281253094086905548e+02 2.000000000000000000e+00
1.410000000000000000e+02 1.540000000000000000e+02 6.341980394032950699e+02 2.000000000000000000e+00
1.310000000000000000e+02 1.550000000000000000e+02 6.359961790061747706e+02 3.000000000000000000e+00
5.500000000000000000e+01 1.580000000000000000e+02 6.632186262709300308e+02 3.000000000000000000e+00
1.320000000000000000e+02 1.520000000000000000e+02 6.762015324145071418e+02 2.000000000000000000e+00
1.340000000000000000e+02 1.440000000000000000e+02 7.065744786350109052e+02 2.000000000000000000e+00
5.100000000000000000e+01 7.500000000000000000e+01 7.157009442167408224e+02 2.000000000000000000e+00
1.420000000000000000e+02 1.600000000000000000e+02 7.178101662525750726e+02 4.000000000000000000e+00
4.000000000000000000e+01 5.400000000000000000e+01 7.612151707967124139e+02 2.000000000000000000e+00
8.300000000000000000e+01 1.000000000000000000e+02 7.653739443093719501e+02 2.000000000000000000e+00
6.200000000000000000e+01 1.110000000000000000e+02 8.224401547397578724e+02 2.000000000000000000e+00
8.600000000000000000e+01 9.000000000000000000e+01 8.441379916438203281e+02 2.000000000000000000e+00
1.380000000000000000e+02 1.470000000000000000e+02 8.555817669954790290e+02 2.000000000000000000e+00
8.800000000000000000e+01 1.140000000000000000e+02 8.604079943117495759e+02 2.000000000000000000e+00
1.480000000000000000e+02 1.630000000000000000e+02 8.809408696657155815e+02 3.000000000000000000e+00
9.500000000000000000e+01 1.080000000000000000e+02 8.991315857481541798e+02 2.000000000000000000e+00
7.800000000000000000e+01 1.640000000000000000e+02 9.027263390879477356e+02 3.000000000000000000e+00
5.900000000000000000e+01 1.010000000000000000e+02 9.163877806442860674e+02 2.000000000000000000e+00
7.100000000000000000e+01 7.900000000000000000e+01 9.475964022830991098e+02 2.000000000000000000e+00
1.070000000000000000e+02 1.120000000000000000e+02 9.553200864042037210e+02 2.000000000000000000e+00
1.270000000000000000e+02 1.500000000000000000e+02 9.579061362049591253e+02 2.000000000000000000e+00
5.300000000000000000e+01 9.200000000000000000e+01 9.600281614325492683e+02 2.000000000000000000e+00
6.800000000000000000e+01 1.710000000000000000e+02 9.781845690006362020e+02 3.000000000000000000e+00
1.670000000000000000e+02 1.760000000000000000e+02 9.797691309776892012e+02 4.000000000000000000e+00
3.200000000000000000e+01 7.300000000000000000e+01 9.895032004101749408e+02 2.000000000000000000e+00
3.800000000000000000e+01 4.700000000000000000e+01 1.001014612761932199e+03 2.000000000000000000e+00
1.160000000000000000e+02 1.750000000000000000e+02 1.004766375451703880e+03 3.000000000000000000e+00
8.200000000000000000e+01 1.680000000000000000e+02 1.011757517184997027e+03 3.000000000000000000e+00
6.700000000000000000e+01 6.900000000000000000e+01 1.016875719813190017e+03 2.000000000000000000e+00
8.400000000000000000e+01 9.800000000000000000e+01 1.020832090697693502e+03 2.000000000000000000e+00
1.290000000000000000e+02 1.570000000000000000e+02 1.028275358835833231e+03 3.000000000000000000e+00
1.220000000000000000e+02 1.400000000000000000e+02 1.033036971216271922e+03 2.000000000000000000e+00
3.700000000000000000e+01 6.600000000000000000e+01 1.035404919812954176e+03 2.000000000000000000e+00
1.690000000000000000e+02 1.790000000000000000e+02 1.058102827206485699e+03 4.000000000000000000e+00
4.800000000000000000e+01 1.430000000000000000e+02 1.063008836725634637e+03 2.000000000000000000e+00
1.170000000000000000e+02 1.510000000000000000e+02 1.085950115438610055e+03 2.000000000000000000e+00
1.210000000000000000e+02 1.850000000000000000e+02 1.096889649697249524e+03 4.000000000000000000e+00
1.260000000000000000e+02 1.620000000000000000e+02 1.101579567709201456e+03 3.000000000000000000e+00
3.600000000000000000e+01 5.700000000000000000e+01 1.115455963770240260e+03 2.000000000000000000e+00
4.200000000000000000e+01 4.900000000000000000e+01 1.117950833943865291e+03 2.000000000000000000e+00
6.300000000000000000e+01 1.830000000000000000e+02 1.123991445768015637e+03 3.000000000000000000e+00
1.060000000000000000e+02 1.860000000000000000e+02 1.137426962000422918e+03 3.000000000000000000e+00
7.000000000000000000e+01 1.810000000000000000e+02 1.146072607467729540e+03 5.000000000000000000e+00
6.400000000000000000e+01 6.500000000000000000e+01 1.156381448612493614e+03 2.000000000000000000e+00
1.820000000000000000e+02 1.900000000000000000e+02 1.220973042384935525e+03 4.000000000000000000e+00
6.100000000000000000e+01 1.910000000000000000e+02 1.229123376603867882e+03 5.000000000000000000e+00
4.600000000000000000e+01 1.990000000000000000e+02 1.258791440895523692e+03 4.000000000000000000e+00
7.000000000000000000e+00 9.000000000000000000e+00 1.289262084448639371e+03 2.000000000000000000e+00
1.300000000000000000e+02 1.720000000000000000e+02 1.290294844074699768e+03 4.000000000000000000e+00
1.660000000000000000e+02 1.770000000000000000e+02 1.311994539430282430e+03 4.000000000000000000e+00
1.190000000000000000e+02 1.920000000000000000e+02 1.313780289753749912e+03 3.000000000000000000e+00
8.900000000000000000e+01 1.730000000000000000e+02 1.367379708619294206e+03 3.000000000000000000e+00
1.300000000000000000e+01 2.400000000000000000e+01 1.429510029205546743e+03 2.000000000000000000e+00
1.980000000000000000e+02 2.000000000000000000e+02 1.440545160260762032e+03 8.000000000000000000e+00
3.100000000000000000e+01 4.400000000000000000e+01 1.441304703634266843e+03 2.000000000000000000e+00
5.600000000000000000e+01 1.610000000000000000e+02 1.486294070615530700e+03 4.000000000000000000e+00
8.000000000000000000e+01 9.400000000000000000e+01 1.490225417285239928e+03 2.000000000000000000e+00
7.400000000000000000e+01 1.450000000000000000e+02 1.519949921887285655e+03 2.000000000000000000e+00
1.230000000000000000e+02 1.800000000000000000e+02 1.521117505542978734e+03 4.000000000000000000e+00
8.100000000000000000e+01 1.780000000000000000e+02 1.529111846293863891e+03 3.000000000000000000e+00
1.700000000000000000e+02 1.950000000000000000e+02 1.530049069861056296e+03 5.000000000000000000e+00
4.100000000000000000e+01 9.700000000000000000e+01 1.553260772559659927e+03 2.000000000000000000e+00
1.180000000000000000e+02 2.150000000000000000e+02 1.575714871252630928e+03 3.000000000000000000e+00
1.560000000000000000e+02 1.940000000000000000e+02 1.602121658945515719e+03 6.000000000000000000e+00
1.740000000000000000e+02 2.010000000000000000e+02 1.634153800545079775e+03 5.000000000000000000e+00
1.370000000000000000e+02 1.390000000000000000e+02 1.643729515139499654e+03 2.000000000000000000e+00
5.800000000000000000e+01 7.700000000000000000e+01 1.653537306303305741e+03 2.000000000000000000e+00
9.900000000000000000e+01 2.110000000000000000e+02 1.661170977567906903e+03 9.000000000000000000e+00
8.700000000000000000e+01 9.600000000000000000e+01 1.666580642670683346e+03 2.000000000000000000e+00
1.100000000000000000e+02 1.330000000000000000e+02 1.702934327079507057e+03 2.000000000000000000e+00
3.500000000000000000e+01 2.140000000000000000e+02 1.715275133849926988e+03 3.000000000000000000e+00
1.200000000000000000e+02 1.650000000000000000e+02 1.746962471489558084e+03 5.000000000000000000e+00
4.300000000000000000e+01 1.960000000000000000e+02 1.798411454964925497e+03 3.000000000000000000e+00
1.870000000000000000e+02 1.930000000000000000e+02 1.845370878877396763e+03 4.000000000000000000e+00
2.030000000000000000e+02 2.090000000000000000e+02 1.880549978059148771e+03 8.000000000000000000e+00
5.200000000000000000e+01 1.090000000000000000e+02 1.907344909646616088e+03 2.000000000000000000e+00
2.040000000000000000e+02 2.240000000000000000e+02 1.912318047366171413e+03 6.000000000000000000e+00
7.200000000000000000e+01 2.160000000000000000e+02 1.942867212993026897e+03 5.000000000000000000e+00
2.500000000000000000e+01 2.800000000000000000e+01 1.967136520581804916e+03 2.000000000000000000e+00
1.200000000000000000e+01 2.050000000000000000e+02 1.971505334519571988e+03 3.000000000000000000e+00
1.150000000000000000e+02 2.260000000000000000e+02 1.989393932748422912e+03 3.000000000000000000e+00
1.490000000000000000e+02 2.290000000000000000e+02 2.055282466113463215e+03 6.000000000000000000e+00
3.400000000000000000e+01 2.300000000000000000e+02 2.058133296531763335e+03 4.000000000000000000e+00
1.500000000000000000e+01 2.300000000000000000e+01 2.071244427221211026e+03 2.000000000000000000e+00
1.050000000000000000e+02 2.220000000000000000e+02 2.133913990968785129e+03 6.000000000000000000e+00
1.840000000000000000e+02 2.020000000000000000e+02 2.139170645869522559e+03 7.000000000000000000e+00
5.000000000000000000e+00 2.100000000000000000e+01 2.264713715969749956e+03 2.000000000000000000e+00
2.070000000000000000e+02 2.250000000000000000e+02 2.269045901528672402e+03 1.300000000000000000e+01
1.020000000000000000e+02 2.200000000000000000e+02 2.280052637878026417e+03 4.000000000000000000e+00
1.590000000000000000e+02 2.390000000000000000e+02 2.328313794759563734e+03 8.000000000000000000e+00
2.210000000000000000e+02 2.280000000000000000e+02 2.474733834232872596e+03 9.000000000000000000e+00
1.460000000000000000e+02 2.270000000000000000e+02 2.506483715865661907e+03 3.000000000000000000e+00
4.500000000000000000e+01 2.120000000000000000e+02 2.569033799759690737e+03 3.000000000000000000e+00
1.970000000000000000e+02 2.340000000000000000e+02 2.600241723343137437e+03 8.000000000000000000e+00
1.030000000000000000e+02 2.330000000000000000e+02 2.615222033969091626e+03 3.000000000000000000e+00
1.040000000000000000e+02 2.480000000000000000e+02 2.783595220834554766e+03 1.000000000000000000e+01
6.000000000000000000e+01 2.400000000000000000e+02 2.835999011705458543e+03 5.000000000000000000e+00
2.130000000000000000e+02 2.460000000000000000e+02 2.860232281530514229e+03 8.000000000000000000e+00
1.880000000000000000e+02 2.180000000000000000e+02 2.954448290873946007e+03 8.000000000000000000e+00
2.060000000000000000e+02 2.170000000000000000e+02 3.013806941269789149e+03 7.000000000000000000e+00
1.130000000000000000e+02 2.380000000000000000e+02 3.048232430244930583e+03 4.000000000000000000e+00
2.100000000000000000e+02 2.440000000000000000e+02 3.098383455961025447e+03 4.000000000000000000e+00
2.190000000000000000e+02 2.500000000000000000e+02 3.125910181718595140e+03 5.000000000000000000e+00
1.350000000000000000e+02 2.230000000000000000e+02 3.201476368474442097e+03 3.000000000000000000e+00
2.420000000000000000e+02 2.510000000000000000e+02 3.289241212792876468e+03 1.400000000000000000e+01
1.000000000000000000e+01 1.100000000000000000e+01 3.407018779941368393e+03 2.000000000000000000e+00
2.000000000000000000e+00 2.410000000000000000e+02 3.441848535028502283e+03 3.000000000000000000e+00
3.000000000000000000e+00 2.000000000000000000e+01 3.494432637089234049e+03 2.000000000000000000e+00
2.320000000000000000e+02 2.530000000000000000e+02 3.694059979218840454e+03 1.800000000000000000e+01
2.900000000000000000e+01 2.360000000000000000e+02 3.905024729385431783e+03 3.000000000000000000e+00
5.000000000000000000e+01 2.520000000000000000e+02 4.095905563027462904e+03 4.000000000000000000e+00
0.000000000000000000e+00 1.600000000000000000e+01 4.098186898292038677e+03 2.000000000000000000e+00
3.000000000000000000e+01 2.370000000000000000e+02 4.115763809029599543e+03 4.000000000000000000e+00
2.430000000000000000e+02 2.450000000000000000e+02 4.254096949157221388e+03 2.000000000000000000e+01
2.080000000000000000e+02 2.310000000000000000e+02 4.300488917229299659e+03 7.000000000000000000e+00
2.540000000000000000e+02 2.600000000000000000e+02 4.321252532017681006e+03 1.000000000000000000e+01
6.000000000000000000e+00 2.650000000000000000e+02 4.425244287647185956e+03 3.000000000000000000e+00
2.600000000000000000e+01 2.590000000000000000e+02 4.509660152523566467e+03 5.000000000000000000e+00
2.350000000000000000e+02 2.580000000000000000e+02 4.557062182744691199e+03 9.000000000000000000e+00
1.900000000000000000e+01 2.640000000000000000e+02 4.597070132168185410e+03 4.000000000000000000e+00
1.890000000000000000e+02 2.610000000000000000e+02 4.732371748170874525e+03 5.000000000000000000e+00
2.470000000000000000e+02 2.560000000000000000e+02 5.016516798432316136e+03 1.600000000000000000e+01
2.490000000000000000e+02 2.570000000000000000e+02 5.977203239164934530e+03 1.000000000000000000e+01
4.000000000000000000e+00 2.690000000000000000e+02 6.005819930967219989e+03 3.000000000000000000e+00
8.000000000000000000e+00 1.700000000000000000e+01 6.115051585725802397e+03 2.000000000000000000e+00
2.550000000000000000e+02 2.720000000000000000e+02 6.360462398584121729e+03 1.500000000000000000e+01
2.700000000000000000e+01 2.630000000000000000e+02 6.470497976983328954e+03 3.000000000000000000e+00
3.900000000000000000e+01 2.730000000000000000e+02 6.725534230585451951e+03 1.100000000000000000e+01
2.620000000000000000e+02 2.680000000000000000e+02 6.872352832751689675e+03 1.800000000000000000e+01
1.800000000000000000e+01 2.200000000000000000e+01 6.917792548462319246e+03 2.000000000000000000e+00
2.660000000000000000e+02 2.760000000000000000e+02 7.915863805692998540e+03 2.700000000000000000e+01
1.400000000000000000e+01 2.810000000000000000e+02 8.783327667078227023e+03 4.000000000000000000e+00
1.360000000000000000e+02 2.780000000000000000e+02 9.475131076243369534e+03 6.000000000000000000e+00
2.670000000000000000e+02 2.740000000000000000e+02 9.550921887779664758e+03 6.000000000000000000e+00
2.710000000000000000e+02 2.860000000000000000e+02 9.645938404858383365e+03 3.800000000000000000e+01
2.750000000000000000e+02 2.770000000000000000e+02 1.079149399837771671e+04 9.000000000000000000e+00
3.300000000000000000e+01 2.870000000000000000e+02 1.137178517245139301e+04 3.000000000000000000e+00
2.790000000000000000e+02 2.900000000000000000e+02 1.155122552934719897e+04 2.200000000000000000e+01
2.800000000000000000e+02 2.830000000000000000e+02 1.263443822735648973e+04 2.500000000000000000e+01
2.880000000000000000e+02 2.920000000000000000e+02 1.517836487219438823e+04 6.500000000000000000e+01
2.820000000000000000e+02 2.840000000000000000e+02 1.558683379532359504e+04 5.000000000000000000e+00
2.700000000000000000e+02 2.930000000000000000e+02 1.717101009282817540e+04 1.300000000000000000e+01
2.890000000000000000e+02 2.910000000000000000e+02 2.112487064769719291e+04 1.000000000000000000e+01
2.950000000000000000e+02 2.960000000000000000e+02 2.274190627698329263e+04 4.700000000000000000e+01
2.850000000000000000e+02 2.970000000000000000e+02 2.566249897543291081e+04 7.600000000000000000e+01
2.940000000000000000e+02 3.000000000000000000e+02 3.052179226628213655e+04 1.300000000000000000e+01
2.980000000000000000e+02 2.990000000000000000e+02 3.353096714022650849e+04 1.800000000000000000e+01
3.010000000000000000e+02 3.020000000000000000e+02 4.312677532079105004e+04 1.230000000000000000e+02
3.030000000000000000e+02 3.040000000000000000e+02 5.464012046991525131e+04 3.100000000000000000e+01
1.000000000000000000e+00 3.060000000000000000e+02 8.812728420067051775e+04 3.200000000000000000e+01
3.050000000000000000e+02 3.070000000000000000e+02 1.445206596643739031e+05 1.550000000000000000e+02
