0.000000000000000000e+00 3.000000000000000000e+00 1.311494916647917841e-01 2.000000000000000000e+00
1.200000000000000000e+01 2.300000000000000000e+01 1.357558113198270300e-01 2.000000000000000000e+00
6.500000000000000000e+01 6.900000000000000000e+01 1.492048687860215439e-01 2.000000000000000000e+00
1.110000000000000000e+02 1.280000000000000000e+02 1.515143664987667893e-01 2.000000000000000000e+00
1.900000000000000000e+01 2.100000000000000000e+01 1.555835518175402998e-01 2.000000000000000000e+00
1.260000000000000000e+02 1.320000000000000000e+02 1.567870617924796151e-01 2.000000000000000000e+00
5.000000000000000000e+00 7.000000000000000000e+00 1.601666442927311418e-01 2.000000000000000000e+00
9.500000000000000000e+01 1.570000000000000000e+02 1.760262160076857541e-01 3.000000000000000000e+00
1.290000000000000000e+02 1.500000000000000000e+02 1.783814977430675242e-01 2.000000000000000000e+00
1.600000000000000000e+01 1.560000000000000000e+02 1.811940803371064890e-01 3.000000000000000000e+00
1.190000000000000000e+02 1.240000000000000000e+02 1.832564222484490690e-01 2.000000000000000000e+00
1.000000000000000000e+02 1.270000000000000000e+02 1.839177768846194105e-01 2.000000000000000000e+00
1.540000000000000000e+02 1.600000000000000000e+02 1.919092382473885361e-01 3.000000000000000000e+00
1.350000000000000000e+02 1.650000000000000000e+02 1.940741900908167505e-01 3.000000000000000000e+00
1.520000000000000000e+02 1.580000000000000000e+02 1.945448510288284583e-01 3.000000000000000000e+00
1.060000000000000000e+02 1.380000000000000000e+02 1.970909455205329119e-01 2.000000000000000000e+00
1.170000000000000000e+02 1.470000000000000000e+02 1.994834239573011481e-01 2.000000000000000000e+00
6.400000000000000000e+01 1.140000000000000000e+02 1.995712356956522160e-01 2.000000000000000000e+00
1.310000000000000000e+02 1.510000000000000000e+02 2.028652413771293572e-01 2.000000000000000000e+00
9.700000000000000000e+01 1.390000000000000000e+02 2.100145047694407241e-01 2.000000000000000000e+00
2.500000000000000000e+01 5.700000000000000000e+01 2.111445150867825582e-01 2.000000000000000000e+00
1.100000000000000000e+02 1.620000000000000000e+02 2.115184120371830512e-01 4.000000000000000000e+00
1.300000000000000000e+02 1.630000000000000000e+02 2.127058029383304127e-01 3.000000000000000000e+00
2.000000000000000000e+00 2.400000000000000000e+01 2.179567555537168522e-01 2.000000000000000000e+00
1.490000000000000000e+02 1.660000000000000000e+02 2.244004990419675993e-01 3.000000000000000000e+00
7.300000000000000000e+01 1.740000000000000000e+02 2.249016918184242597e-01 3.000000000000000000e+00
5.100000000000000000e+01 1.340000000000000000e+02 2.323389799500566177e-01 2.000000000000000000e+00
1.410000000000000000e+02 1.690000000000000000e+02 2.383610906425654985e-01 4.000000000000000000e+00
6.100000000000000000e+01 1.790000000000000000e+02 2.453605770093073846e-01 4.000000000000000000e+00
8.700000000000000000e+01 1.070000000000000000e+02 2.504599451682250066e-01 2.000000000000000000e+00
1.160000000000000000e+02 1.710000000000000000e+02 2.515266477961275449e-01 3.000000000000000000e+00
9.000000000000000000e+00 1.500000000000000000e+01 2.569956445840527182e-01 2.000000000000000000e+00
1.670000000000000000e+02 1.770000000000000000e+02 2.580655192232698125e-01 6.000000000000000000e+00
1.300000000000000000e+01 1.590000000000000000e+02 2.589672937145708342e-01 3.000000000000000000e+00
9.000000000000000000e+01 1.680000000000000000e+02 2.617230266225824553e-01 4.000000000000000000e+00
2.700000000000000000e+01 3.000000000000000000e+01 2.620689771599865048e-01 2.000000000000000000e+00
4.100000000000000000e+01 1.720000000000000000e+02 2.655491319098853276e-01 3.000000000000000000e+00
4.000000000000000000e+00 1.550000000000000000e+02 2.658219467041931239e-01 3.000000000000000000e+00
1.400000000000000000e+01 2.900000000000000000e+01 2.710659365207559457e-01 2.000000000000000000e+00
1.420000000000000000e+02 1.700000000000000000e+02 2.730268729071227973e-01 3.000000000000000000e+00
8.000000000000000000e+00 1.700000000000000000e+01 2.741553198219311427e-01 2.000000000000000000e+00
6.700000000000000000e+01 7.800000000000000000e+01 2.778200324162509172e-01 2.000000000000000000e+00
1.810000000000000000e+02 1.890000000000000000e+02 2.807865103225253289e-01 6.000000000000000000e+00
1.440000000000000000e+02 1.480000000000000000e+02 2.826614823408405974e-01 2.000000000000000000e+00
3.300000000000000000e+01 1.090000000000000000e+02 2.879980599203222358e-01 2.000000000000000000e+00
1.460000000000000000e+02 1.730000000000000000e+02 2.940411770424554705e-01 3.000000000000000000e+00
1.800000000000000000e+01 1.910000000000000000e+02 2.993253517035383005e-01 4.000000000000000000e+00
8.300000000000000000e+01 1.250000000000000000e+02 3.007849219805662222e-01 2.000000000000000000e+00
1.640000000000000000e+02 1.860000000000000000e+02 3.022450913437930708e-01 5.000000000000000000e+00
1.870000000000000000e+02 1.980000000000000000e+02 3.115671566648199886e-01 8.000000000000000000e+00
3.500000000000000000e+01 1.840000000000000000e+02 3.116583510370741772e-01 3.000000000000000000e+00
1.330000000000000000e+02 1.940000000000000000e+02 3.162736206485221024e-01 4.000000000000000000e+00
1.010000000000000000e+02 1.970000000000000000e+02 3.236097761202879064e-01 7.000000000000000000e+00
1.830000000000000000e+02 1.850000000000000000e+02 3.253883716486471456e-01 7.000000000000000000e+00
9.300000000000000000e+01 1.820000000000000000e+02 3.283962927396126830e-01 5.000000000000000000e+00
9.200000000000000000e+01 1.800000000000000000e+02 3.340469750927863579e-01 4.000000000000000000e+00
4.000000000000000000e+01 1.750000000000000000e+02 3.388868871423187379e-01 3.000000000000000000e+00
7.200000000000000000e+01 1.400000000000000000e+02 3.450351573152181106e-01 2.000000000000000000e+00
8.000000000000000000e+01 1.960000000000000000e+02 3.455500484303005715e-01 3.000000000000000000e+00
4.600000000000000000e+01 2.100000000000000000e+02 3.498004222620685333e-01 5.000000000000000000e+00
3.200000000000000000e+01 2.090000000000000000e+02 3.657615939449002096e-01 6.000000000000000000e+00
1.780000000000000000e+02 1.900000000000000000e+02 3.664889968703974321e-01 4.000000000000000000e+00
5.000000000000000000e+01 1.760000000000000000e+02 3.726514375083917474e-01 5.000000000000000000e+00
4.200000000000000000e+01 2.020000000000000000e+02 3.803233282608540211e-01 3.000000000000000000e+00
9.600000000000000000e+01 2.080000000000000000e+02 3.823810253905948753e-01 8.000000000000000000e+00
6.200000000000000000e+01 2.000000000000000000e+02 3.892083068234592491e-01 4.000000000000000000e+00
5.400000000000000000e+01 2.070000000000000000e+02 3.914242831490525876e-01 8.000000000000000000e+00
1.930000000000000000e+02 1.990000000000000000e+02 3.914808661761137731e-01 4.000000000000000000e+00
2.040000000000000000e+02 2.060000000000000000e+02 3.998398835351897329e-01 1.200000000000000000e+01
1.210000000000000000e+02 2.150000000000000000e+02 4.005160197013933332e-01 7.000000000000000000e+00
2.200000000000000000e+01 1.020000000000000000e+02 4.066436286640320308e-01 2.000000000000000000e+00
1.000000000000000000e+01 2.030000000000000000e+02 4.107694450625058447e-01 6.000000000000000000e+00
1.610000000000000000e+02 1.880000000000000000e+02 4.296359092177765571e-01 5.000000000000000000e+00
6.600000000000000000e+01 2.140000000000000000e+02 4.321607948616640327e-01 6.000000000000000000e+00
6.000000000000000000e+00 2.110000000000000000e+02 4.494187898451396657e-01 4.000000000000000000e+00
1.220000000000000000e+02 1.230000000000000000e+02 4.547591375833560656e-01 2.000000000000000000e+00
2.010000000000000000e+02 2.130000000000000000e+02 4.563794434122252497e-01 7.000000000000000000e+00
7.400000000000000000e+01 2.210000000000000000e+02 4.774117214147098331e-01 9.000000000000000000e+00
1.000000000000000000e+00 1.100000000000000000e+01 4.777573976400266154e-01 2.000000000000000000e+00
3.700000000000000000e+01 2.230000000000000000e+02 4.812565755678970825e-01 1.300000000000000000e+01
4.900000000000000000e+01 2.170000000000000000e+02 4.825775148182674390e-01 6.000000000000000000e+00
8.400000000000000000e+01 2.200000000000000000e+02 4.854715137849240358e-01 5.000000000000000000e+00
3.100000000000000000e+01 2.290000000000000000e+02 4.901359258787593154e-01 5.000000000000000000e+00
7.900000000000000000e+01 2.190000000000000000e+02 4.950734449655029290e-01 9.000000000000000000e+00
2.180000000000000000e+02 2.340000000000000000e+02 5.126353896034443469e-01 1.600000000000000000e+01
1.360000000000000000e+02 1.370000000000000000e+02 5.160402371494113849e-01 2.000000000000000000e+00
8.200000000000000000e+01 2.240000000000000000e+02 5.343176232029953621e-01 8.000000000000000000e+00
1.450000000000000000e+02 2.390000000000000000e+02 5.381122980149051216e-01 1.700000000000000000e+01
5.600000000000000000e+01 2.120000000000000000e+02 5.390743197895297989e-01 3.000000000000000000e+00
8.900000000000000000e+01 2.380000000000000000e+02 5.484077837340323169e-01 1.000000000000000000e+01
8.100000000000000000e+01 2.300000000000000000e+02 5.529054427872409638e-01 3.000000000000000000e+00
2.000000000000000000e+01 2.260000000000000000e+02 5.634472142014349538e-01 7.000000000000000000e+00
1.430000000000000000e+02 2.410000000000000000e+02 5.721421326088038661e-01 9.000000000000000000e+00
4.300000000000000000e+01 2.310000000000000000e+02 5.865659701291330297e-01 8.000000000000000000e+00
7.500000000000000000e+01 2.470000000000000000e+02 5.942907684545860603e-01 1.000000000000000000e+01
7.700000000000000000e+01 2.360000000000000000e+02 5.945795723574822667e-01 6.000000000000000000e+00
1.180000000000000000e+02 2.420000000000000000e+02 5.949847931775099630e-01 1.800000000000000000e+01
4.400000000000000000e+01 2.280000000000000000e+02 6.117597138940156221e-01 7.000000000000000000e+00
2.050000000000000000e+02 2.500000000000000000e+02 6.229972529276343041e-01 9.000000000000000000e+00
7.000000000000000000e+01 2.350000000000000000e+02 6.321352650405261953e-01 7.000000000000000000e+00
8.800000000000000000e+01 2.530000000000000000e+02 6.681601157684020631e-01 1.000000000000000000e+01
2.800000000000000000e+01 2.220000000000000000e+02 6.740756131235303705e-01 5.000000000000000000e+00
5.300000000000000000e+01 6.800000000000000000e+01 6.785612334996626860e-01 2.000000000000000000e+00
2.320000000000000000e+02 2.440000000000000000e+02 6.806500780269126860e-01 1.900000000000000000e+01
8.600000000000000000e+01 2.490000000000000000e+02 6.854279657759144717e-01 1.100000000000000000e+01
2.250000000000000000e+02 2.480000000000000000e+02 6.900720866075268356e-01 1.000000000000000000e+01
3.800000000000000000e+01 2.520000000000000000e+02 7.236916898818183119e-01 8.000000000000000000e+00
4.700000000000000000e+01 2.510000000000000000e+02 7.453755180245240641e-01 1.900000000000000000e+01
1.080000000000000000e+02 2.430000000000000000e+02 7.493482332974842341e-01 4.000000000000000000e+00
2.550000000000000000e+02 2.570000000000000000e+02 7.493938143852227896e-01 1.200000000000000000e+01
2.600000000000000000e+01 2.370000000000000000e+02 7.500223721121883624e-01 6.000000000000000000e+00
5.200000000000000000e+01 2.620000000000000000e+02 7.800410164756349518e-01 2.000000000000000000e+01
1.950000000000000000e+02 2.330000000000000000e+02 8.096975000547692591e-01 4.000000000000000000e+00
2.160000000000000000e+02 2.270000000000000000e+02 8.363805496552634278e-01 9.000000000000000000e+00
3.400000000000000000e+01 2.560000000000000000e+02 8.676029538855907219e-01 6.000000000000000000e+00
1.030000000000000000e+02 2.580000000000000000e+02 9.055257984157679685e-01 2.000000000000000000e+01
2.590000000000000000e+02 2.630000000000000000e+02 9.069819250270469979e-01 1.500000000000000000e+01
2.540000000000000000e+02 2.610000000000000000e+02 9.462042776841899094e-01 1.500000000000000000e+01
7.600000000000000000e+01 2.450000000000000000e+02 1.004041932186507724e+00 4.000000000000000000e+00
8.500000000000000000e+01 2.400000000000000000e+02 1.005928557432824944e+00 3.000000000000000000e+00
4.500000000000000000e+01 2.700000000000000000e+02 1.014823205423197594e+00 2.100000000000000000e+01
7.100000000000000000e+01 2.710000000000000000e+02 1.036252851105992967e+00 1.600000000000000000e+01
6.300000000000000000e+01 2.760000000000000000e+02 1.110424210632718900e+00 1.700000000000000000e+01
2.660000000000000000e+02 2.750000000000000000e+02 1.138147037575724330e+00 4.100000000000000000e+01
6.000000000000000000e+01 2.650000000000000000e+02 1.161064789107510986e+00 7.000000000000000000e+00
2.640000000000000000e+02 2.770000000000000000e+02 1.199586127049504736e+00 2.900000000000000000e+01
5.900000000000000000e+01 2.720000000000000000e+02 1.292488503038389469e+00 1.600000000000000000e+01
2.460000000000000000e+02 2.680000000000000000e+02 1.297567871237537140e+00 1.600000000000000000e+01
9.100000000000000000e+01 2.740000000000000000e+02 1.338781410467064559e+00 4.000000000000000000e+00
1.530000000000000000e+02 2.730000000000000000e+02 1.399690733070119153e+00 5.000000000000000000e+00
2.600000000000000000e+02 2.810000000000000000e+02 1.437564189063520015e+00 2.600000000000000000e+01
3.600000000000000000e+01 2.800000000000000000e+02 1.623737311227422708e+00 3.000000000000000000e+01
2.690000000000000000e+02 2.790000000000000000e+02 1.704769774242464564e+00 1.300000000000000000e+01
2.830000000000000000e+02 2.840000000000000000e+02 1.773726036494691405e+00 9.000000000000000000e+00
9.900000000000000000e+01 2.880000000000000000e+02 1.916785492070237185e+00 1.000000000000000000e+01
2.780000000000000000e+02 2.860000000000000000e+02 2.239881032587122789e+00 7.100000000000000000e+01
2.670000000000000000e+02 2.820000000000000000e+02 2.308193031951287999e+00 2.000000000000000000e+01
1.130000000000000000e+02 2.900000000000000000e+02 2.727444914064388382e+00 7.200000000000000000e+01
5.800000000000000000e+01 2.890000000000000000e+02 2.730428110850127599e+00 1.100000000000000000e+01
9.400000000000000000e+01 2.930000000000000000e+02 3.005471650073721079e+00 1.200000000000000000e+01
3.900000000000000000e+01 2.920000000000000000e+02 3.028235152329332713e+00 7.300000000000000000e+01
2.850000000000000000e+02 2.870000000000000000e+02 3.064455597512397489e+00 3.900000000000000000e+01
1.200000000000000000e+02 2.910000000000000000e+02 3.088560379063634009e+00 2.100000000000000000e+01
1.050000000000000000e+02 2.940000000000000000e+02 3.640761328649460449e+00 1.300000000000000000e+01
2.950000000000000000e+02 2.960000000000000000e+02 4.359005564893452700e+00 1.120000000000000000e+02
1.920000000000000000e+02 2.970000000000000000e+02 4.504569289653773900e+00 2.400000000000000000e+01
5.500000000000000000e+01 2.980000000000000000e+02 4.845848693692263787e+00 1.400000000000000000e+01
2.990000000000000000e+02 3.010000000000000000e+02 6.390947839683950527e+00 1.260000000000000000e+02
4.800000000000000000e+01 9.800000000000000000e+01 8.980578364619697496e+00 2.000000000000000000e+00
3.000000000000000000e+02 3.020000000000000000e+02 9.345882503940950770e+00 1.500000000000000000e+02
1.120000000000000000e+02 3.030000000000000000e+02 1.352673750109469353e+01 3.000000000000000000e+00
1.040000000000000000e+02 3.050000000000000000e+02 1.837773669557923384e+01 4.000000000000000000e+00
3.040000000000000000e+02 3.060000000000000000e+02 1.929804997926807530e+01 1.540000000000000000e+02
1.150000000000000000e+02 3.070000000000000000e+02 5.798035842849062465e+04 1.550000000000000000e+02
