1.280000000000000000e+02 1.360000000000000000e+02 1.066209764135790863e+02 2.000000000000000000e+00
1.290000000000000000e+02 1.550000000000000000e+02 1.297952629273711977e+02 3.000000000000000000e+00
1.080000000000000000e+02 1.310000000000000000e+02 1.498502320847624958e+02 2.000000000000000000e+00
8.600000000000000000e+01 1.530000000000000000e+02 1.533512258164980722e+02 2.000000000000000000e+00
1.190000000000000000e+02 1.260000000000000000e+02 1.577710408951709553e+02 2.000000000000000000e+00
1.060000000000000000e+02 1.420000000000000000e+02 1.596464949840386680e+02 2.000000000000000000e+00
5.600000000000000000e+01 1.270000000000000000e+02 1.673105179555639097e+02 2.000000000000000000e+00
1.320000000000000000e+02 1.470000000000000000e+02 1.734537696963851943e+02 2.000000000000000000e+00
1.500000000000000000e+02 1.580000000000000000e+02 1.735101858630853542e+02 3.000000000000000000e+00
1.370000000000000000e+02 1.440000000000000000e+02 1.757526582652348850e+02 2.000000000000000000e+00
7.200000000000000000e+01 1.300000000000000000e+02 1.848714702228450619e+02 2.000000000000000000e+00
9.800000000000000000e+01 1.510000000000000000e+02 1.889527721122563548e+02 2.000000000000000000e+00
1.410000000000000000e+02 1.600000000000000000e+02 1.917436653816247940e+02 3.000000000000000000e+00
5.500000000000000000e+01 1.460000000000000000e+02 1.961845476030747193e+02 2.000000000000000000e+00
1.240000000000000000e+02 1.520000000000000000e+02 2.033817535260430418e+02 2.000000000000000000e+00
1.000000000000000000e+02 1.670000000000000000e+02 2.100162309531075095e+02 4.000000000000000000e+00
5.400000000000000000e+01 9.400000000000000000e+01 2.206232071063431022e+02 2.000000000000000000e+00
8.300000000000000000e+01 1.450000000000000000e+02 2.281680727388941250e+02 2.000000000000000000e+00
1.430000000000000000e+02 1.590000000000000000e+02 2.300740619083307479e+02 3.000000000000000000e+00
9.900000000000000000e+01 1.610000000000000000e+02 2.308046887853226110e+02 3.000000000000000000e+00
1.340000000000000000e+02 1.540000000000000000e+02 2.329013409396634415e+02 2.000000000000000000e+00
1.090000000000000000e+02 1.690000000000000000e+02 2.333927378968736548e+02 3.000000000000000000e+00
7.300000000000000000e+01 9.700000000000000000e+01 2.371752691548158225e+02 2.000000000000000000e+00
4.200000000000000000e+01 7.900000000000000000e+01 2.450094360368807713e+02 2.000000000000000000e+00
9.300000000000000000e+01 1.250000000000000000e+02 2.501349066136024248e+02 2.000000000000000000e+00
8.100000000000000000e+01 1.660000000000000000e+02 2.533429873396505059e+02 3.000000000000000000e+00
5.700000000000000000e+01 6.700000000000000000e+01 2.590432503014839085e+02 2.000000000000000000e+00
1.400000000000000000e+02 1.760000000000000000e+02 2.721890228748077334e+02 4.000000000000000000e+00
1.230000000000000000e+02 1.620000000000000000e+02 2.725322648760264883e+02 3.000000000000000000e+00
9.200000000000000000e+01 1.680000000000000000e+02 2.736413068735655543e+02 3.000000000000000000e+00
1.140000000000000000e+02 1.180000000000000000e+02 2.748113777370020898e+02 2.000000000000000000e+00
6.100000000000000000e+01 8.800000000000000000e+01 2.839164434103111034e+02 2.000000000000000000e+00
1.380000000000000000e+02 1.640000000000000000e+02 2.848727312925756223e+02 3.000000000000000000e+00
5.300000000000000000e+01 5.900000000000000000e+01 2.930128050555395021e+02 2.000000000000000000e+00
1.120000000000000000e+02 1.840000000000000000e+02 2.972290943006387351e+02 4.000000000000000000e+00
1.490000000000000000e+02 1.820000000000000000e+02 2.999635328743904665e+02 5.000000000000000000e+00
1.030000000000000000e+02 1.650000000000000000e+02 3.022132787112366827e+02 3.000000000000000000e+00
1.170000000000000000e+02 1.350000000000000000e+02 3.026437406504110754e+02 2.000000000000000000e+00
1.730000000000000000e+02 1.850000000000000000e+02 3.082709532472092064e+02 5.000000000000000000e+00
1.710000000000000000e+02 1.740000000000000000e+02 3.135741499864406592e+02 5.000000000000000000e+00
4.000000000000000000e+01 1.810000000000000000e+02 3.177586987681471555e+02 3.000000000000000000e+00
1.750000000000000000e+02 1.800000000000000000e+02 3.220102046717365170e+02 5.000000000000000000e+00
8.400000000000000000e+01 1.790000000000000000e+02 3.307931526848237240e+02 3.000000000000000000e+00
1.330000000000000000e+02 1.770000000000000000e+02 3.383576760987349985e+02 3.000000000000000000e+00
6.800000000000000000e+01 7.800000000000000000e+01 3.435121749411440533e+02 2.000000000000000000e+00
5.100000000000000000e+01 5.200000000000000000e+01 3.435534792063307350e+02 2.000000000000000000e+00
7.600000000000000000e+01 1.720000000000000000e+02 3.452711355564428004e+02 3.000000000000000000e+00
4.900000000000000000e+01 1.010000000000000000e+02 3.490959647537552542e+02 2.000000000000000000e+00
1.040000000000000000e+02 1.910000000000000000e+02 3.506867576557708617e+02 4.000000000000000000e+00
1.100000000000000000e+02 1.830000000000000000e+02 3.526151907925309388e+02 4.000000000000000000e+00
1.050000000000000000e+02 1.630000000000000000e+02 3.535654492776074562e+02 4.000000000000000000e+00
3.600000000000000000e+01 6.400000000000000000e+01 3.588659623043446345e+02 2.000000000000000000e+00
7.100000000000000000e+01 9.000000000000000000e+01 3.651620380731282580e+02 2.000000000000000000e+00
9.500000000000000000e+01 1.860000000000000000e+02 3.653282271901636022e+02 3.000000000000000000e+00
1.570000000000000000e+02 1.870000000000000000e+02 3.755825419605059778e+02 5.000000000000000000e+00
3.200000000000000000e+01 3.500000000000000000e+01 3.795593247561129715e+02 2.000000000000000000e+00
4.800000000000000000e+01 1.990000000000000000e+02 3.801130893640698218e+02 3.000000000000000000e+00
1.110000000000000000e+02 1.210000000000000000e+02 3.816959261010223941e+02 2.000000000000000000e+00
7.500000000000000000e+01 1.780000000000000000e+02 3.899670883273466870e+02 3.000000000000000000e+00
4.000000000000000000e+00 2.300000000000000000e+01 3.936275453473094217e+02 2.000000000000000000e+00
9.100000000000000000e+01 2.000000000000000000e+02 3.971855942579405792e+02 3.000000000000000000e+00
1.390000000000000000e+02 1.920000000000000000e+02 4.004770801970956882e+02 3.000000000000000000e+00
9.600000000000000000e+01 2.090000000000000000e+02 4.014957191796691518e+02 6.000000000000000000e+00
3.700000000000000000e+01 2.100000000000000000e+02 4.103483560180952168e+02 3.000000000000000000e+00
4.700000000000000000e+01 6.200000000000000000e+01 4.106487601301642485e+02 2.000000000000000000e+00
1.700000000000000000e+02 1.900000000000000000e+02 4.152880750002806849e+02 9.000000000000000000e+00
1.200000000000000000e+02 1.220000000000000000e+02 4.193994127726275565e+02 2.000000000000000000e+00
8.500000000000000000e+01 1.890000000000000000e+02 4.328923220884490775e+02 5.000000000000000000e+00
7.000000000000000000e+01 2.180000000000000000e+02 4.343408986088120969e+02 4.000000000000000000e+00
7.400000000000000000e+01 1.970000000000000000e+02 4.381063401289641774e+02 4.000000000000000000e+00
1.480000000000000000e+02 1.940000000000000000e+02 4.418879621480585342e+02 6.000000000000000000e+00
1.930000000000000000e+02 2.040000000000000000e+02 4.492438661951244967e+02 9.000000000000000000e+00
1.160000000000000000e+02 1.980000000000000000e+02 4.496785356484296585e+02 4.000000000000000000e+00
1.070000000000000000e+02 2.200000000000000000e+02 4.499309625801788570e+02 1.000000000000000000e+01
2.200000000000000000e+01 2.020000000000000000e+02 4.521320186038254860e+02 3.000000000000000000e+00
3.800000000000000000e+01 2.010000000000000000e+02 4.547665838304735075e+02 4.000000000000000000e+00
6.300000000000000000e+01 2.070000000000000000e+02 4.618027438473517918e+02 3.000000000000000000e+00
4.500000000000000000e+01 2.230000000000000000e+02 4.631555882806027284e+02 5.000000000000000000e+00
2.080000000000000000e+02 2.120000000000000000e+02 4.708795828105982650e+02 5.000000000000000000e+00
4.400000000000000000e+01 2.110000000000000000e+02 4.841360938379482945e+02 4.000000000000000000e+00
6.600000000000000000e+01 2.310000000000000000e+02 4.858359675948207155e+02 4.000000000000000000e+00
7.700000000000000000e+01 2.130000000000000000e+02 4.924550990817307934e+02 4.000000000000000000e+00
1.880000000000000000e+02 2.060000000000000000e+02 4.939389099079803032e+02 4.000000000000000000e+00
1.800000000000000000e+01 6.500000000000000000e+01 5.003223592780316835e+02 2.000000000000000000e+00
9.000000000000000000e+00 1.300000000000000000e+01 5.224747971582295349e+02 2.000000000000000000e+00
8.200000000000000000e+01 2.300000000000000000e+02 5.313217076512491985e+02 5.000000000000000000e+00
2.030000000000000000e+02 2.050000000000000000e+02 5.510840447192374540e+02 8.000000000000000000e+00
1.000000000000000000e+01 1.700000000000000000e+01 5.616958264985590858e+02 2.000000000000000000e+00
3.900000000000000000e+01 2.290000000000000000e+02 5.682215151534247752e+02 4.000000000000000000e+00
1.020000000000000000e+02 2.260000000000000000e+02 5.745610928368828354e+02 1.000000000000000000e+01
8.700000000000000000e+01 2.320000000000000000e+02 5.828089004658708063e+02 6.000000000000000000e+00
1.600000000000000000e+01 2.000000000000000000e+01 5.849968140568339550e+02 2.000000000000000000e+00
8.900000000000000000e+01 1.950000000000000000e+02 6.244063087233320175e+02 4.000000000000000000e+00
1.130000000000000000e+02 2.410000000000000000e+02 6.244913690365815455e+02 9.000000000000000000e+00
6.900000000000000000e+01 2.190000000000000000e+02 6.249496514121608470e+02 3.000000000000000000e+00
8.000000000000000000e+01 2.350000000000000000e+02 6.257003441383084237e+02 5.000000000000000000e+00
4.300000000000000000e+01 2.150000000000000000e+02 6.279483096209171435e+02 4.000000000000000000e+00
0.000000000000000000e+00 2.000000000000000000e+00 6.325231183759431133e+02 2.000000000000000000e+00
2.250000000000000000e+02 2.270000000000000000e+02 6.350471473906959545e+02 1.000000000000000000e+01
3.000000000000000000e+00 2.140000000000000000e+02 6.406867731153179193e+02 3.000000000000000000e+00
1.150000000000000000e+02 2.480000000000000000e+02 6.643676833107730317e+02 1.000000000000000000e+01
2.170000000000000000e+02 2.210000000000000000e+02 6.808897705787328505e+02 8.000000000000000000e+00
3.100000000000000000e+01 2.430000000000000000e+02 7.006662059707683738e+02 5.000000000000000000e+00
1.560000000000000000e+02 2.160000000000000000e+02 7.010524086573431077e+02 6.000000000000000000e+00
2.360000000000000000e+02 2.510000000000000000e+02 7.060345865507682674e+02 8.000000000000000000e+00
1.960000000000000000e+02 2.280000000000000000e+02 7.100177435712694205e+02 1.500000000000000000e+01
1.000000000000000000e+00 1.100000000000000000e+01 7.149565452805503583e+02 2.000000000000000000e+00
1.900000000000000000e+01 2.800000000000000000e+01 7.281596119222167545e+02 2.000000000000000000e+00
2.450000000000000000e+02 2.470000000000000000e+02 7.461636764179824013e+02 1.000000000000000000e+01
5.000000000000000000e+01 2.370000000000000000e+02 7.526675213121731076e+02 5.000000000000000000e+00
4.100000000000000000e+01 2.460000000000000000e+02 7.643486405320256836e+02 3.000000000000000000e+00
2.330000000000000000e+02 2.340000000000000000e+02 7.729012863242576259e+02 9.000000000000000000e+00
1.400000000000000000e+01 2.390000000000000000e+02 7.739380930384936619e+02 3.000000000000000000e+00
3.300000000000000000e+01 2.380000000000000000e+02 7.926971100731564093e+02 3.000000000000000000e+00
6.000000000000000000e+00 2.540000000000000000e+02 8.142965445130258786e+02 4.000000000000000000e+00
6.000000000000000000e+01 2.630000000000000000e+02 8.373551671048189746e+02 1.100000000000000000e+01
2.100000000000000000e+01 2.900000000000000000e+01 8.510160847698269890e+02 2.000000000000000000e+00
1.500000000000000000e+01 2.690000000000000000e+02 8.521063200627545484e+02 5.000000000000000000e+00
2.500000000000000000e+01 3.000000000000000000e+01 8.944016285750216184e+02 2.000000000000000000e+00
2.400000000000000000e+01 2.610000000000000000e+02 9.190047510807546587e+02 3.000000000000000000e+00
2.490000000000000000e+02 2.500000000000000000e+02 9.548890766517916973e+02 8.000000000000000000e+00
2.240000000000000000e+02 2.550000000000000000e+02 9.766982698040923196e+02 1.400000000000000000e+01
2.220000000000000000e+02 2.530000000000000000e+02 9.839434912511754874e+02 1.500000000000000000e+01
2.520000000000000000e+02 2.620000000000000000e+02 1.005289649709604191e+03 4.000000000000000000e+00
3.400000000000000000e+01 2.680000000000000000e+02 1.008817962799785732e+03 4.000000000000000000e+00
1.200000000000000000e+01 2.670000000000000000e+02 1.017216443906674044e+03 4.000000000000000000e+00
8.000000000000000000e+00 2.800000000000000000e+02 1.021140449258372428e+03 5.000000000000000000e+00
4.600000000000000000e+01 2.640000000000000000e+02 1.026199666081621672e+03 6.000000000000000000e+00
5.000000000000000000e+00 2.420000000000000000e+02 1.069019349787203282e+03 3.000000000000000000e+00
2.440000000000000000e+02 2.560000000000000000e+02 1.075941393449736324e+03 1.800000000000000000e+01
2.400000000000000000e+02 2.660000000000000000e+02 1.222834429991567504e+03 1.400000000000000000e+01
2.590000000000000000e+02 2.790000000000000000e+02 1.312678551543799585e+03 1.200000000000000000e+01
2.650000000000000000e+02 2.720000000000000000e+02 1.341858662266524561e+03 8.000000000000000000e+00
2.700000000000000000e+02 2.750000000000000000e+02 1.385334172666142422e+03 1.900000000000000000e+01
2.600000000000000000e+02 2.760000000000000000e+02 1.396787321420453964e+03 2.900000000000000000e+01
2.700000000000000000e+01 2.830000000000000000e+02 1.410138320156452437e+03 4.000000000000000000e+00
2.740000000000000000e+02 2.810000000000000000e+02 1.505093279926050627e+03 8.000000000000000000e+00
2.600000000000000000e+01 2.730000000000000000e+02 1.549617781922931727e+03 3.000000000000000000e+00
7.000000000000000000e+00 2.900000000000000000e+02 1.591112407249063381e+03 5.000000000000000000e+00
2.570000000000000000e+02 2.820000000000000000e+02 1.655576342871651150e+03 1.100000000000000000e+01
5.800000000000000000e+01 2.940000000000000000e+02 1.699543221513569506e+03 1.200000000000000000e+01
2.780000000000000000e+02 2.870000000000000000e+02 2.008863358964887766e+03 1.200000000000000000e+01
2.580000000000000000e+02 2.840000000000000000e+02 2.093937037039130246e+03 2.400000000000000000e+01
2.770000000000000000e+02 2.850000000000000000e+02 2.242366410260372959e+03 2.900000000000000000e+01
2.710000000000000000e+02 2.860000000000000000e+02 2.403349955285344095e+03 1.400000000000000000e+01
2.920000000000000000e+02 2.930000000000000000e+02 2.657136604895851633e+03 8.000000000000000000e+00
2.890000000000000000e+02 2.970000000000000000e+02 2.788934894269799315e+03 5.300000000000000000e+01
2.880000000000000000e+02 2.950000000000000000e+02 2.946885543942920776e+03 3.100000000000000000e+01
2.990000000000000000e+02 3.020000000000000000e+02 4.663443996395480099e+03 4.500000000000000000e+01
2.960000000000000000e+02 3.000000000000000000e+02 4.795801733408278778e+03 2.000000000000000000e+01
2.980000000000000000e+02 3.010000000000000000e+02 5.267213078819439033e+03 8.200000000000000000e+01
2.910000000000000000e+02 3.040000000000000000e+02 7.624658192472721566e+03 2.800000000000000000e+01
3.030000000000000000e+02 3.050000000000000000e+02 9.984919961987483475e+03 1.270000000000000000e+02
3.060000000000000000e+02 3.070000000000000000e+02 1.881801228139861269e+04 1.550000000000000000e+02
