8.300000000000000000e+01 9.800000000000000000e+01 1.393927100095980866e-03 2.000000000000000000e+00
4.800000000000000000e+01 6.500000000000000000e+01 1.810681738399368742e-03 2.000000000000000000e+00
7.100000000000000000e+01 7.600000000000000000e+01 2.552893279008760629e-03 2.000000000000000000e+00
6.400000000000000000e+01 8.000000000000000000e+01 2.680160223218817136e-03 2.000000000000000000e+00
2.500000000000000000e+01 8.800000000000000000e+01 2.840481412732811638e-03 2.000000000000000000e+00
4.200000000000000000e+01 7.900000000000000000e+01 2.947185260817091618e-03 2.000000000000000000e+00
4.400000000000000000e+01 1.570000000000000000e+02 3.009339209423738531e-03 3.000000000000000000e+00
1.390000000000000000e+02 1.400000000000000000e+02 3.389013931662464806e-03 2.000000000000000000e+00
4.000000000000000000e+01 5.500000000000000000e+01 3.821650250541511803e-03 2.000000000000000000e+00
5.700000000000000000e+01 9.300000000000000000e+01 4.040036355770075180e-03 2.000000000000000000e+00
6.800000000000000000e+01 1.600000000000000000e+02 4.130301487755931415e-03 3.000000000000000000e+00
1.180000000000000000e+02 1.460000000000000000e+02 4.219003956149625437e-03 2.000000000000000000e+00
2.800000000000000000e+01 9.200000000000000000e+01 4.296953762464071971e-03 2.000000000000000000e+00
7.200000000000000000e+01 1.650000000000000000e+02 4.372762697607488792e-03 4.000000000000000000e+00
1.100000000000000000e+02 1.210000000000000000e+02 4.769404057777371087e-03 2.000000000000000000e+00
2.400000000000000000e+01 3.300000000000000000e+01 4.981767973486779695e-03 2.000000000000000000e+00
6.600000000000000000e+01 7.000000000000000000e+01 5.055072677722677321e-03 2.000000000000000000e+00
5.400000000000000000e+01 5.600000000000000000e+01 5.063908830165419692e-03 2.000000000000000000e+00
3.900000000000000000e+01 5.900000000000000000e+01 5.470626939276086731e-03 2.000000000000000000e+00
1.580000000000000000e+02 1.610000000000000000e+02 5.664285097768092039e-03 5.000000000000000000e+00
2.200000000000000000e+01 4.500000000000000000e+01 6.108829410412734695e-03 2.000000000000000000e+00
4.100000000000000000e+01 4.900000000000000000e+01 6.657938183443908899e-03 2.000000000000000000e+00
3.200000000000000000e+01 5.300000000000000000e+01 6.802281093956977914e-03 2.000000000000000000e+00
2.000000000000000000e+00 1.100000000000000000e+01 6.952472863216170758e-03 2.000000000000000000e+00
7.000000000000000000e+00 1.750000000000000000e+02 7.714467878537527475e-03 3.000000000000000000e+00
1.000000000000000000e+00 1.900000000000000000e+01 7.723520388649538979e-03 2.000000000000000000e+00
8.200000000000000000e+01 1.560000000000000000e+02 7.750839864796469497e-03 3.000000000000000000e+00
3.500000000000000000e+01 1.630000000000000000e+02 7.916529823260975290e-03 3.000000000000000000e+00
5.000000000000000000e+01 6.000000000000000000e+01 7.921835821817765216e-03 2.000000000000000000e+00
1.400000000000000000e+01 9.400000000000000000e+01 7.960013973959791447e-03 2.000000000000000000e+00
1.600000000000000000e+01 1.680000000000000000e+02 8.008728554694172219e-03 5.000000000000000000e+00
1.240000000000000000e+02 1.620000000000000000e+02 8.476744360494451597e-03 3.000000000000000000e+00
4.600000000000000000e+01 6.100000000000000000e+01 8.558572339152834690e-03 2.000000000000000000e+00
8.600000000000000000e+01 9.000000000000000000e+01 8.727714561996937834e-03 2.000000000000000000e+00
3.800000000000000000e+01 1.730000000000000000e+02 8.788051202833362802e-03 3.000000000000000000e+00
4.300000000000000000e+01 7.400000000000000000e+01 9.300659291628658037e-03 2.000000000000000000e+00
0.000000000000000000e+00 1.300000000000000000e+01 9.603500976165933734e-03 2.000000000000000000e+00
7.300000000000000000e+01 1.080000000000000000e+02 9.713726753322058163e-03 2.000000000000000000e+00
5.800000000000000000e+01 8.700000000000000000e+01 1.004648245287242427e-02 2.000000000000000000e+00
1.800000000000000000e+01 7.500000000000000000e+01 1.051410171548979727e-02 2.000000000000000000e+00
2.600000000000000000e+01 3.000000000000000000e+01 1.055632277497095539e-02 2.000000000000000000e+00
6.900000000000000000e+01 1.760000000000000000e+02 1.059051521791365066e-02 3.000000000000000000e+00
7.800000000000000000e+01 1.710000000000000000e+02 1.071401942266285608e-02 3.000000000000000000e+00
6.300000000000000000e+01 1.770000000000000000e+02 1.075821239310788789e-02 3.000000000000000000e+00
5.100000000000000000e+01 1.740000000000000000e+02 1.090799048591557276e-02 6.000000000000000000e+00
1.720000000000000000e+02 1.880000000000000000e+02 1.103520149575872716e-02 4.000000000000000000e+00
8.900000000000000000e+01 1.640000000000000000e+02 1.119753454873198203e-02 3.000000000000000000e+00
9.000000000000000000e+00 2.900000000000000000e+01 1.162900728267453158e-02 2.000000000000000000e+00
1.590000000000000000e+02 1.920000000000000000e+02 1.211547737005172834e-02 4.000000000000000000e+00
3.600000000000000000e+01 1.850000000000000000e+02 1.255348124610009865e-02 6.000000000000000000e+00
2.000000000000000000e+01 1.670000000000000000e+02 1.260729881606928796e-02 3.000000000000000000e+00
1.260000000000000000e+02 1.540000000000000000e+02 1.294164923100551284e-02 2.000000000000000000e+00
8.500000000000000000e+01 1.820000000000000000e+02 1.300326165059901944e-02 4.000000000000000000e+00
1.320000000000000000e+02 1.870000000000000000e+02 1.312585014193810504e-02 3.000000000000000000e+00
1.270000000000000000e+02 1.500000000000000000e+02 1.319955361290243642e-02 2.000000000000000000e+00
1.550000000000000000e+02 2.050000000000000000e+02 1.330426359021266887e-02 5.000000000000000000e+00
3.700000000000000000e+01 1.900000000000000000e+02 1.370896382581093462e-02 3.000000000000000000e+00
2.700000000000000000e+01 1.950000000000000000e+02 1.384413110988801099e-02 3.000000000000000000e+00
1.300000000000000000e+02 1.960000000000000000e+02 1.386307824415495930e-02 4.000000000000000000e+00
5.200000000000000000e+01 9.500000000000000000e+01 1.397231127152552023e-02 2.000000000000000000e+00
1.150000000000000000e+02 1.280000000000000000e+02 1.484429392281844638e-02 2.000000000000000000e+00
3.100000000000000000e+01 1.970000000000000000e+02 1.503356903728297368e-02 4.000000000000000000e+00
4.700000000000000000e+01 1.110000000000000000e+02 1.554361822218923786e-02 2.000000000000000000e+00
9.100000000000000000e+01 1.700000000000000000e+02 1.565254699264717608e-02 3.000000000000000000e+00
1.810000000000000000e+02 1.830000000000000000e+02 1.644915193746446583e-02 5.000000000000000000e+00
1.050000000000000000e+02 1.130000000000000000e+02 1.653151776044776283e-02 2.000000000000000000e+00
2.060000000000000000e+02 2.100000000000000000e+02 1.676279027203004396e-02 7.000000000000000000e+00
1.200000000000000000e+02 1.330000000000000000e+02 1.683923517402983669e-02 2.000000000000000000e+00
2.030000000000000000e+02 2.130000000000000000e+02 1.694930601647075610e-02 8.000000000000000000e+00
1.450000000000000000e+02 1.800000000000000000e+02 1.702636849510306624e-02 3.000000000000000000e+00
3.400000000000000000e+01 2.000000000000000000e+02 1.751787494749655269e-02 5.000000000000000000e+00
1.990000000000000000e+02 2.160000000000000000e+02 1.760328306913372387e-02 1.000000000000000000e+01
1.780000000000000000e+02 2.180000000000000000e+02 1.781688921581549290e-02 5.000000000000000000e+00
1.930000000000000000e+02 1.980000000000000000e+02 1.782178097185034907e-02 5.000000000000000000e+00
1.250000000000000000e+02 1.940000000000000000e+02 1.809128851501263721e-02 3.000000000000000000e+00
7.700000000000000000e+01 1.470000000000000000e+02 1.836779862778341668e-02 2.000000000000000000e+00
1.790000000000000000e+02 1.840000000000000000e+02 1.851428642370642197e-02 5.000000000000000000e+00
1.040000000000000000e+02 2.080000000000000000e+02 1.882726489442435383e-02 4.000000000000000000e+00
1.890000000000000000e+02 2.250000000000000000e+02 1.919667786987381414e-02 8.000000000000000000e+00
6.700000000000000000e+01 2.290000000000000000e+02 1.938200693002613273e-02 4.000000000000000000e+00
1.200000000000000000e+01 2.190000000000000000e+02 1.962054378281970907e-02 6.000000000000000000e+00
1.360000000000000000e+02 2.070000000000000000e+02 2.031580543020373997e-02 5.000000000000000000e+00
6.000000000000000000e+00 1.000000000000000000e+01 2.039853205053321003e-02 2.000000000000000000e+00
3.000000000000000000e+00 4.000000000000000000e+00 2.044996088482435234e-02 2.000000000000000000e+00
2.010000000000000000e+02 2.110000000000000000e+02 2.142748032551441972e-02 6.000000000000000000e+00
2.210000000000000000e+02 2.260000000000000000e+02 2.223168817134436176e-02 1.700000000000000000e+01
8.000000000000000000e+00 1.910000000000000000e+02 2.306148476161138869e-02 3.000000000000000000e+00
1.010000000000000000e+02 1.490000000000000000e+02 2.326080073222946618e-02 2.000000000000000000e+00
1.000000000000000000e+02 1.860000000000000000e+02 2.385173665754903097e-02 4.000000000000000000e+00
1.310000000000000000e+02 2.270000000000000000e+02 2.394774492770974927e-02 6.000000000000000000e+00
2.300000000000000000e+02 2.320000000000000000e+02 2.420054352302052764e-02 6.000000000000000000e+00
2.100000000000000000e+01 2.280000000000000000e+02 2.510651602032795693e-02 6.000000000000000000e+00
2.140000000000000000e+02 2.230000000000000000e+02 2.556560437635466143e-02 1.000000000000000000e+01
1.060000000000000000e+02 1.660000000000000000e+02 2.619552142726068455e-02 3.000000000000000000e+00
2.310000000000000000e+02 2.400000000000000000e+02 2.675310239168596921e-02 2.200000000000000000e+01
2.020000000000000000e+02 2.240000000000000000e+02 2.709539828125714922e-02 5.000000000000000000e+00
2.330000000000000000e+02 2.360000000000000000e+02 2.754181174517501482e-02 1.300000000000000000e+01
1.220000000000000000e+02 2.200000000000000000e+02 2.830026854481025589e-02 3.000000000000000000e+00
2.340000000000000000e+02 2.450000000000000000e+02 2.873327444046247514e-02 1.000000000000000000e+01
2.300000000000000000e+01 2.170000000000000000e+02 3.138375108195205071e-02 3.000000000000000000e+00
1.190000000000000000e+02 1.380000000000000000e+02 3.490906083836541746e-02 2.000000000000000000e+00
2.120000000000000000e+02 2.440000000000000000e+02 3.624383411157357932e-02 9.000000000000000000e+00
2.040000000000000000e+02 2.470000000000000000e+02 3.630761023026344431e-02 1.600000000000000000e+01
1.500000000000000000e+01 2.350000000000000000e+02 3.704157334701920629e-02 7.000000000000000000e+00
2.150000000000000000e+02 2.520000000000000000e+02 3.726789066224044100e-02 5.000000000000000000e+00
9.900000000000000000e+01 2.380000000000000000e+02 3.742579877547549255e-02 3.000000000000000000e+00
2.410000000000000000e+02 2.490000000000000000e+02 3.853068352341471742e-02 2.500000000000000000e+01
2.390000000000000000e+02 2.530000000000000000e+02 3.970978832320909424e-02 1.600000000000000000e+01
2.370000000000000000e+02 2.560000000000000000e+02 3.986765252117338565e-02 1.100000000000000000e+01
1.020000000000000000e+02 1.480000000000000000e+02 4.002568408938063371e-02 2.000000000000000000e+00
2.430000000000000000e+02 2.540000000000000000e+02 4.370225722697939491e-02 7.000000000000000000e+00
1.090000000000000000e+02 2.420000000000000000e+02 4.515296991342367117e-02 3.000000000000000000e+00
2.500000000000000000e+02 2.620000000000000000e+02 4.805317680658013207e-02 2.100000000000000000e+01
2.510000000000000000e+02 2.580000000000000000e+02 4.949998804540621522e-02 2.000000000000000000e+01
8.400000000000000000e+01 2.650000000000000000e+02 5.223047689295605422e-02 8.000000000000000000e+00
1.370000000000000000e+02 2.090000000000000000e+02 5.271248442668018119e-02 3.000000000000000000e+00
1.530000000000000000e+02 2.550000000000000000e+02 5.379877995337908891e-02 3.000000000000000000e+00
2.460000000000000000e+02 2.570000000000000000e+02 5.880074500325430109e-02 2.200000000000000000e+01
1.700000000000000000e+01 2.640000000000000000e+02 5.883372082773570544e-02 3.000000000000000000e+00
2.630000000000000000e+02 2.690000000000000000e+02 5.942535086393757604e-02 1.900000000000000000e+01
1.030000000000000000e+02 1.120000000000000000e+02 5.978210538919184053e-02 2.000000000000000000e+00
1.340000000000000000e+02 1.520000000000000000e+02 6.307274839920405662e-02 2.000000000000000000e+00
2.610000000000000000e+02 2.670000000000000000e+02 6.534156001079741150e-02 4.600000000000000000e+01
1.420000000000000000e+02 1.510000000000000000e+02 7.162137640408448858e-02 2.000000000000000000e+00
1.070000000000000000e+02 1.290000000000000000e+02 8.020362933741533029e-02 2.000000000000000000e+00
2.600000000000000000e+02 2.730000000000000000e+02 8.100663617655233517e-02 6.000000000000000000e+00
5.000000000000000000e+00 2.740000000000000000e+02 8.348771994237594307e-02 2.000000000000000000e+01
2.480000000000000000e+02 2.660000000000000000e+02 8.360069426068118814e-02 6.000000000000000000e+00
1.410000000000000000e+02 2.780000000000000000e+02 8.980017549305277513e-02 3.000000000000000000e+00
6.200000000000000000e+01 8.100000000000000000e+01 9.522467065365440575e-02 2.000000000000000000e+00
2.680000000000000000e+02 2.720000000000000000e+02 9.864714161845061779e-02 4.200000000000000000e+01
1.170000000000000000e+02 2.700000000000000000e+02 1.012679403093526970e-01 4.000000000000000000e+00
2.590000000000000000e+02 2.810000000000000000e+02 1.018341524774954154e-01 2.500000000000000000e+01
2.750000000000000000e+02 2.800000000000000000e+02 1.081967863760318060e-01 8.000000000000000000e+00
9.700000000000000000e+01 2.220000000000000000e+02 1.134361030921712532e-01 3.000000000000000000e+00
1.690000000000000000e+02 2.830000000000000000e+02 1.369864927489848894e-01 5.000000000000000000e+00
2.770000000000000000e+02 2.870000000000000000e+02 1.429397989153129989e-01 7.100000000000000000e+01
1.440000000000000000e+02 2.860000000000000000e+02 1.662391885075858444e-01 5.000000000000000000e+00
2.760000000000000000e+02 2.890000000000000000e+02 1.696183759557015891e-01 5.000000000000000000e+00
2.880000000000000000e+02 2.900000000000000000e+02 1.808944697311213601e-01 1.300000000000000000e+01
9.600000000000000000e+01 2.710000000000000000e+02 1.865579371619695837e-01 4.000000000000000000e+00
1.160000000000000000e+02 2.790000000000000000e+02 1.895730394965654542e-01 3.000000000000000000e+00
2.840000000000000000e+02 2.850000000000000000e+02 1.979091470990330393e-01 4.400000000000000000e+01
2.910000000000000000e+02 2.970000000000000000e+02 2.123206467422958099e-01 1.150000000000000000e+02
2.820000000000000000e+02 2.920000000000000000e+02 2.191577677861636375e-01 1.100000000000000000e+01
1.350000000000000000e+02 2.940000000000000000e+02 2.857261354433030531e-01 1.400000000000000000e+01
1.140000000000000000e+02 2.950000000000000000e+02 3.097553412286803143e-01 5.000000000000000000e+00
1.230000000000000000e+02 1.430000000000000000e+02 3.455339951899931150e-01 2.000000000000000000e+00
2.980000000000000000e+02 3.000000000000000000e+02 4.064132158704822917e-01 1.290000000000000000e+02
2.930000000000000000e+02 2.990000000000000000e+02 4.257702852677977545e-01 1.600000000000000000e+01
3.010000000000000000e+02 3.020000000000000000e+02 6.234810321674421063e-01 7.000000000000000000e+00
2.960000000000000000e+02 3.040000000000000000e+02 7.196469232790028148e-01 1.900000000000000000e+01
3.030000000000000000e+02 3.060000000000000000e+02 1.205704255091101906e+00 1.480000000000000000e+02
3.050000000000000000e+02 3.070000000000000000e+02 2.692004485958519489e+00 1.550000000000000000e+02
