6.200000000000000000e+01 1.340000000000000000e+02 1.745746282389322062e+02 2.000000000000000000e+00
1.330000000000000000e+02 1.440000000000000000e+02 2.379602525326043576e+02 2.000000000000000000e+00
8.500000000000000000e+01 1.500000000000000000e+02 2.474602923440690176e+02 2.000000000000000000e+00
4.800000000000000000e+01 8.300000000000000000e+01 2.615808845802216069e+02 2.000000000000000000e+00
5.400000000000000000e+01 1.430000000000000000e+02 2.819466503670417978e+02 2.000000000000000000e+00
1.480000000000000000e+02 1.570000000000000000e+02 2.835419235403478524e+02 3.000000000000000000e+00
1.070000000000000000e+02 1.580000000000000000e+02 2.913445033775460047e+02 3.000000000000000000e+00
1.040000000000000000e+02 1.550000000000000000e+02 2.932426936039585712e+02 3.000000000000000000e+00
5.900000000000000000e+01 1.260000000000000000e+02 3.175943413789643159e+02 2.000000000000000000e+00
7.200000000000000000e+01 1.410000000000000000e+02 3.179237512263960639e+02 2.000000000000000000e+00
1.290000000000000000e+02 1.350000000000000000e+02 3.180468830981027395e+02 2.000000000000000000e+00
8.700000000000000000e+01 1.610000000000000000e+02 3.188558170633627356e+02 4.000000000000000000e+00
7.900000000000000000e+01 1.510000000000000000e+02 3.193658646210630536e+02 2.000000000000000000e+00
1.120000000000000000e+02 1.220000000000000000e+02 3.270836539166568855e+02 2.000000000000000000e+00
1.530000000000000000e+02 1.600000000000000000e+02 3.303596232259290559e+02 4.000000000000000000e+00
1.140000000000000000e+02 1.270000000000000000e+02 3.319673389641202448e+02 2.000000000000000000e+00
1.080000000000000000e+02 1.400000000000000000e+02 3.354901914634450577e+02 2.000000000000000000e+00
1.160000000000000000e+02 1.460000000000000000e+02 3.415340442439978688e+02 2.000000000000000000e+00
1.590000000000000000e+02 1.660000000000000000e+02 3.417192603611339337e+02 6.000000000000000000e+00
3.700000000000000000e+01 8.100000000000000000e+01 3.530411100679157244e+02 2.000000000000000000e+00
1.240000000000000000e+02 1.620000000000000000e+02 3.547477020949581856e+02 4.000000000000000000e+00
1.110000000000000000e+02 1.630000000000000000e+02 3.561195263527115458e+02 3.000000000000000000e+00
8.600000000000000000e+01 1.700000000000000000e+02 3.714991310946075487e+02 3.000000000000000000e+00
5.300000000000000000e+01 1.670000000000000000e+02 3.788465456027544747e+02 3.000000000000000000e+00
1.010000000000000000e+02 1.450000000000000000e+02 3.817734124440883079e+02 2.000000000000000000e+00
4.000000000000000000e+01 1.760000000000000000e+02 3.828970812978391791e+02 4.000000000000000000e+00
6.600000000000000000e+01 1.720000000000000000e+02 3.855905814948409898e+02 3.000000000000000000e+00
3.200000000000000000e+01 1.540000000000000000e+02 3.884293377530460702e+02 2.000000000000000000e+00
3.100000000000000000e+01 6.300000000000000000e+01 3.891233474715579064e+02 2.000000000000000000e+00
9.800000000000000000e+01 1.790000000000000000e+02 4.051975296349518771e+02 3.000000000000000000e+00
1.730000000000000000e+02 1.800000000000000000e+02 4.063850043252873547e+02 1.000000000000000000e+01
1.690000000000000000e+02 1.710000000000000000e+02 4.121893822381596237e+02 6.000000000000000000e+00
1.520000000000000000e+02 1.640000000000000000e+02 4.171790411926440356e+02 3.000000000000000000e+00
1.650000000000000000e+02 1.770000000000000000e+02 4.184187832523883230e+02 5.000000000000000000e+00
1.190000000000000000e+02 1.750000000000000000e+02 4.219232307568007059e+02 5.000000000000000000e+00
1.000000000000000000e+02 1.740000000000000000e+02 4.225953738159236650e+02 3.000000000000000000e+00
3.900000000000000000e+01 1.560000000000000000e+02 4.259516981414990937e+02 3.000000000000000000e+00
1.250000000000000000e+02 1.780000000000000000e+02 4.277907875599551062e+02 4.000000000000000000e+00
9.200000000000000000e+01 1.850000000000000000e+02 4.307974622696445408e+02 1.100000000000000000e+01
4.600000000000000000e+01 1.840000000000000000e+02 4.324501617124803943e+02 4.000000000000000000e+00
1.130000000000000000e+02 1.170000000000000000e+02 4.351919016083975862e+02 2.000000000000000000e+00
7.400000000000000000e+01 1.860000000000000000e+02 4.366410766348408856e+02 7.000000000000000000e+00
1.210000000000000000e+02 1.830000000000000000e+02 4.385111040109017040e+02 3.000000000000000000e+00
1.100000000000000000e+02 1.950000000000000000e+02 4.407747194072625234e+02 3.000000000000000000e+00
7.500000000000000000e+01 1.370000000000000000e+02 4.475932631647436892e+02 2.000000000000000000e+00
1.420000000000000000e+02 1.960000000000000000e+02 4.540479243528240545e+02 8.000000000000000000e+00
5.100000000000000000e+01 1.820000000000000000e+02 4.554640792496666108e+02 3.000000000000000000e+00
7.100000000000000000e+01 1.880000000000000000e+02 4.578867707969581033e+02 6.000000000000000000e+00
1.180000000000000000e+02 1.890000000000000000e+02 4.591662426562153314e+02 6.000000000000000000e+00
1.390000000000000000e+02 1.940000000000000000e+02 4.638574182443195468e+02 5.000000000000000000e+00
1.090000000000000000e+02 1.930000000000000000e+02 4.653214263142442633e+02 1.200000000000000000e+01
4.900000000000000000e+01 1.970000000000000000e+02 4.760704319496249468e+02 4.000000000000000000e+00
6.400000000000000000e+01 6.700000000000000000e+01 4.792588483349793478e+02 2.000000000000000000e+00
6.100000000000000000e+01 6.800000000000000000e+01 4.872758808093078073e+02 2.000000000000000000e+00
8.200000000000000000e+01 2.020000000000000000e+02 4.932038746511931890e+02 7.000000000000000000e+00
1.200000000000000000e+02 1.360000000000000000e+02 4.953273585270893022e+02 2.000000000000000000e+00
9.400000000000000000e+01 1.870000000000000000e+02 4.958415378023134394e+02 4.000000000000000000e+00
6.500000000000000000e+01 2.010000000000000000e+02 4.975319773885540258e+02 4.000000000000000000e+00
1.150000000000000000e+02 1.680000000000000000e+02 4.984010434869416031e+02 3.000000000000000000e+00
4.100000000000000000e+01 4.200000000000000000e+01 4.998438695739908439e+02 2.000000000000000000e+00
1.810000000000000000e+02 2.000000000000000000e+02 5.118160106986566689e+02 1.100000000000000000e+01
4.700000000000000000e+01 2.070000000000000000e+02 5.169035209808907894e+02 3.000000000000000000e+00
1.900000000000000000e+02 1.920000000000000000e+02 5.191478863128303374e+02 7.000000000000000000e+00
9.100000000000000000e+01 1.310000000000000000e+02 5.371607827753159654e+02 2.000000000000000000e+00
1.050000000000000000e+02 1.060000000000000000e+02 5.379153417873296803e+02 2.000000000000000000e+00
4.400000000000000000e+01 2.140000000000000000e+02 5.496787122759127442e+02 3.000000000000000000e+00
3.800000000000000000e+01 2.060000000000000000e+02 5.650662156975970447e+02 5.000000000000000000e+00
7.600000000000000000e+01 2.040000000000000000e+02 5.663780062155198038e+02 6.000000000000000000e+00
9.600000000000000000e+01 2.100000000000000000e+02 5.790952315674603597e+02 3.000000000000000000e+00
2.110000000000000000e+02 2.210000000000000000e+02 5.950768170304767182e+02 9.000000000000000000e+00
4.300000000000000000e+01 2.170000000000000000e+02 5.958828491459213410e+02 8.000000000000000000e+00
5.000000000000000000e+01 2.220000000000000000e+02 6.003434822725856748e+02 7.000000000000000000e+00
2.150000000000000000e+02 2.190000000000000000e+02 6.062393703614734477e+02 1.300000000000000000e+01
8.000000000000000000e+01 2.080000000000000000e+02 6.109290972601004341e+02 3.000000000000000000e+00
9.700000000000000000e+01 1.230000000000000000e+02 6.182825460080553057e+02 2.000000000000000000e+00
2.100000000000000000e+01 9.900000000000000000e+01 6.313667021999418694e+02 2.000000000000000000e+00
8.400000000000000000e+01 1.300000000000000000e+02 6.404896209409643006e+02 2.000000000000000000e+00
7.000000000000000000e+01 1.910000000000000000e+02 6.428775866439231095e+02 4.000000000000000000e+00
3.400000000000000000e+01 2.250000000000000000e+02 6.514360906485486566e+02 9.000000000000000000e+00
2.160000000000000000e+02 2.260000000000000000e+02 6.572596588786338998e+02 1.000000000000000000e+01
1.490000000000000000e+02 2.030000000000000000e+02 6.728843376890289392e+02 7.000000000000000000e+00
4.500000000000000000e+01 1.990000000000000000e+02 6.744349841036078033e+02 3.000000000000000000e+00
8.800000000000000000e+01 2.090000000000000000e+02 6.748438816007922014e+02 8.000000000000000000e+00
2.120000000000000000e+02 2.180000000000000000e+02 6.849172339206002107e+02 6.000000000000000000e+00
8.900000000000000000e+01 2.050000000000000000e+02 6.864200463341362592e+02 1.300000000000000000e+01
1.030000000000000000e+02 1.980000000000000000e+02 6.900690129843154637e+02 4.000000000000000000e+00
1.400000000000000000e+01 2.200000000000000000e+01 6.941006922894003992e+02 2.000000000000000000e+00
9.300000000000000000e+01 1.380000000000000000e+02 7.022716172408370312e+02 2.000000000000000000e+00
2.280000000000000000e+02 2.390000000000000000e+02 7.087809953367722073e+02 1.600000000000000000e+01
1.470000000000000000e+02 2.240000000000000000e+02 7.118659606748963142e+02 1.000000000000000000e+01
7.700000000000000000e+01 2.370000000000000000e+02 7.253246658220157315e+02 9.000000000000000000e+00
6.000000000000000000e+01 2.340000000000000000e+02 7.263217436261363673e+02 1.100000000000000000e+01
2.310000000000000000e+02 2.330000000000000000e+02 7.377545347815382684e+02 1.100000000000000000e+01
1.280000000000000000e+02 2.460000000000000000e+02 7.405703882878988225e+02 1.200000000000000000e+01
1.320000000000000000e+02 2.130000000000000000e+02 7.432843087800789590e+02 4.000000000000000000e+00
9.500000000000000000e+01 2.440000000000000000e+02 7.672503542649066048e+02 1.100000000000000000e+01
2.500000000000000000e+01 2.410000000000000000e+02 7.903403313872264562e+02 3.000000000000000000e+00
3.300000000000000000e+01 2.320000000000000000e+02 7.907702043194387898e+02 5.000000000000000000e+00
5.700000000000000000e+01 2.500000000000000000e+02 7.915476329049328115e+02 1.200000000000000000e+01
7.300000000000000000e+01 2.360000000000000000e+02 8.213641025269198508e+02 4.000000000000000000e+00
2.000000000000000000e+01 2.400000000000000000e+01 8.292507304337734695e+02 2.000000000000000000e+00
2.420000000000000000e+02 2.530000000000000000e+02 8.398869334841434693e+02 1.400000000000000000e+01
2.470000000000000000e+02 2.480000000000000000e+02 8.579547167390682034e+02 2.300000000000000000e+01
5.500000000000000000e+01 2.380000000000000000e+02 8.630532642564243133e+02 7.000000000000000000e+00
2.350000000000000000e+02 2.430000000000000000e+02 8.699037551133840225e+02 2.300000000000000000e+01
2.200000000000000000e+02 2.290000000000000000e+02 8.712167282295275754e+02 5.000000000000000000e+00
2.270000000000000000e+02 2.400000000000000000e+02 8.959357127581627083e+02 1.700000000000000000e+01
3.600000000000000000e+01 2.520000000000000000e+02 9.167558021833399380e+02 6.000000000000000000e+00
2.450000000000000000e+02 2.560000000000000000e+02 9.463534168906963941e+02 2.300000000000000000e+01
1.800000000000000000e+01 3.000000000000000000e+01 9.647141509245348061e+02 2.000000000000000000e+00
2.580000000000000000e+02 2.620000000000000000e+02 9.863211387263563665e+02 1.300000000000000000e+01
2.300000000000000000e+01 2.800000000000000000e+01 1.014059507529805728e+03 2.000000000000000000e+00
5.600000000000000000e+01 2.590000000000000000e+02 1.026637173472599898e+03 2.400000000000000000e+01
1.000000000000000000e+01 1.700000000000000000e+01 1.037813714529462231e+03 2.000000000000000000e+00
2.900000000000000000e+01 2.600000000000000000e+02 1.045091986806416344e+03 6.000000000000000000e+00
6.000000000000000000e+00 7.000000000000000000e+00 1.100744631255954346e+03 2.000000000000000000e+00
2.700000000000000000e+01 2.510000000000000000e+02 1.110600037572782867e+03 4.000000000000000000e+00
1.200000000000000000e+01 1.900000000000000000e+01 1.114813827466380189e+03 2.000000000000000000e+00
2.230000000000000000e+02 2.490000000000000000e+02 1.157017975088580670e+03 7.000000000000000000e+00
5.800000000000000000e+01 2.710000000000000000e+02 1.200807861013727234e+03 5.000000000000000000e+00
7.800000000000000000e+01 2.570000000000000000e+02 1.200903324222879974e+03 2.400000000000000000e+01
1.020000000000000000e+02 2.540000000000000000e+02 1.227836569437886283e+03 5.000000000000000000e+00
2.600000000000000000e+01 2.690000000000000000e+02 1.236250317108618674e+03 7.000000000000000000e+00
9.000000000000000000e+01 2.630000000000000000e+02 1.262400430739332478e+03 2.400000000000000000e+01
4.000000000000000000e+00 1.300000000000000000e+01 1.287490511788711046e+03 2.000000000000000000e+00
2.300000000000000000e+02 2.740000000000000000e+02 1.335752740997002093e+03 7.000000000000000000e+00
1.500000000000000000e+01 2.660000000000000000e+02 1.354469913846630789e+03 3.000000000000000000e+00
9.000000000000000000e+00 2.720000000000000000e+02 1.404701086997070433e+03 3.000000000000000000e+00
3.000000000000000000e+00 2.680000000000000000e+02 1.429907617669352931e+03 3.000000000000000000e+00
2.760000000000000000e+02 2.770000000000000000e+02 1.433031209303823744e+03 1.200000000000000000e+01
8.000000000000000000e+00 2.700000000000000000e+02 1.450870846729655113e+03 3.000000000000000000e+00
0.000000000000000000e+00 1.000000000000000000e+00 1.453283560875323928e+03 2.000000000000000000e+00
2.640000000000000000e+02 2.810000000000000000e+02 1.490434123497660721e+03 5.000000000000000000e+00
1.100000000000000000e+01 1.600000000000000000e+01 1.560877562315226214e+03 2.000000000000000000e+00
2.750000000000000000e+02 2.780000000000000000e+02 1.583474252439473275e+03 4.800000000000000000e+01
6.900000000000000000e+01 2.890000000000000000e+02 1.751647722075715365e+03 4.900000000000000000e+01
2.610000000000000000e+02 2.670000000000000000e+02 1.790683639002156951e+03 4.100000000000000000e+01
2.000000000000000000e+00 5.000000000000000000e+00 1.855694966174233059e+03 2.000000000000000000e+00
5.200000000000000000e+01 2.650000000000000000e+02 1.896085411823284630e+03 1.400000000000000000e+01
2.830000000000000000e+02 2.880000000000000000e+02 1.931476684597315852e+03 5.000000000000000000e+00
3.500000000000000000e+01 2.900000000000000000e+02 1.992791659863091127e+03 5.000000000000000000e+01
2.850000000000000000e+02 2.870000000000000000e+02 2.107891036222704770e+03 8.000000000000000000e+00
2.840000000000000000e+02 2.930000000000000000e+02 2.181175698844003819e+03 2.600000000000000000e+01
2.790000000000000000e+02 2.820000000000000000e+02 2.478621831207606192e+03 5.000000000000000000e+00
2.550000000000000000e+02 2.800000000000000000e+02 2.981298710500221659e+03 9.000000000000000000e+00
2.910000000000000000e+02 2.950000000000000000e+02 3.130107441211559490e+03 9.100000000000000000e+01
2.940000000000000000e+02 2.960000000000000000e+02 3.587834673706509420e+03 1.300000000000000000e+01
2.920000000000000000e+02 2.980000000000000000e+02 4.353367021465322068e+03 7.000000000000000000e+00
2.970000000000000000e+02 3.000000000000000000e+02 4.668729942379410204e+03 1.170000000000000000e+02
2.990000000000000000e+02 3.010000000000000000e+02 5.231664836258837568e+03 2.200000000000000000e+01
2.730000000000000000e+02 3.030000000000000000e+02 6.009808164583659163e+03 1.240000000000000000e+02
2.860000000000000000e+02 3.020000000000000000e+02 7.188914015480978378e+03 9.000000000000000000e+00
3.040000000000000000e+02 3.060000000000000000e+02 1.079529562319587785e+04 3.100000000000000000e+01
3.050000000000000000e+02 3.070000000000000000e+02 1.550491543435925450e+04 1.550000000000000000e+02
