6.200000000000000000e+01 1.340000000000000000e+02 2.637979497012847569e+05 2.000000000000000000e+00
1.120000000000000000e+02 1.220000000000000000e+02 3.321855970419682562e+05 2.000000000000000000e+00
8.500000000000000000e+01 1.500000000000000000e+02 3.395605070942461025e+05 2.000000000000000000e+00
1.480000000000000000e+02 1.570000000000000000e+02 3.848977152385110967e+05 3.000000000000000000e+00
4.800000000000000000e+01 8.300000000000000000e+01 4.244323389046760276e+05 2.000000000000000000e+00
1.040000000000000000e+02 1.550000000000000000e+02 4.364330738075337140e+05 3.000000000000000000e+00
1.200000000000000000e+02 1.360000000000000000e+02 4.438163181027465616e+05 2.000000000000000000e+00
1.080000000000000000e+02 1.400000000000000000e+02 4.445613159535494051e+05 2.000000000000000000e+00
1.530000000000000000e+02 1.580000000000000000e+02 4.491723709685192443e+05 4.000000000000000000e+00
5.400000000000000000e+01 1.430000000000000000e+02 4.548926810934194364e+05 2.000000000000000000e+00
1.070000000000000000e+02 1.590000000000000000e+02 4.728221444252216024e+05 3.000000000000000000e+00
1.160000000000000000e+02 1.630000000000000000e+02 4.728716127678035409e+05 5.000000000000000000e+00
5.900000000000000000e+01 1.110000000000000000e+02 5.018953739947248250e+05 2.000000000000000000e+00
9.600000000000000000e+01 1.610000000000000000e+02 5.155673090163635788e+05 3.000000000000000000e+00
8.700000000000000000e+01 1.650000000000000000e+02 5.167549582334461156e+05 4.000000000000000000e+00
1.240000000000000000e+02 1.600000000000000000e+02 5.283616742000677623e+05 4.000000000000000000e+00
6.600000000000000000e+01 1.460000000000000000e+02 5.314597910353408661e+05 2.000000000000000000e+00
1.130000000000000000e+02 1.170000000000000000e+02 5.407334450988696190e+05 2.000000000000000000e+00
1.100000000000000000e+02 1.720000000000000000e+02 5.439742234097989276e+05 3.000000000000000000e+00
1.260000000000000000e+02 1.670000000000000000e+02 5.505071660193495918e+05 3.000000000000000000e+00
1.640000000000000000e+02 1.690000000000000000e+02 5.527160130587317981e+05 6.000000000000000000e+00
7.200000000000000000e+01 1.410000000000000000e+02 5.603707236643658252e+05 2.000000000000000000e+00
1.330000000000000000e+02 1.440000000000000000e+02 5.615470794874415733e+05 2.000000000000000000e+00
1.060000000000000000e+02 1.620000000000000000e+02 5.722134895044059958e+05 3.000000000000000000e+00
1.420000000000000000e+02 1.660000000000000000e+02 5.828659089717839379e+05 6.000000000000000000e+00
4.000000000000000000e+01 1.740000000000000000e+02 5.990695555561931105e+05 4.000000000000000000e+00
1.290000000000000000e+02 1.350000000000000000e+02 6.136734362281605136e+05 2.000000000000000000e+00
1.050000000000000000e+02 1.780000000000000000e+02 6.183132481006049784e+05 4.000000000000000000e+00
1.140000000000000000e+02 1.270000000000000000e+02 6.202034887074866565e+05 2.000000000000000000e+00
7.400000000000000000e+01 1.790000000000000000e+02 6.277417093904674985e+05 7.000000000000000000e+00
1.150000000000000000e+02 1.560000000000000000e+02 6.303517008829129627e+05 3.000000000000000000e+00
1.190000000000000000e+02 1.700000000000000000e+02 6.400388159042166080e+05 5.000000000000000000e+00
1.750000000000000000e+02 1.800000000000000000e+02 6.444412456721218769e+05 1.000000000000000000e+01
7.900000000000000000e+01 1.510000000000000000e+02 6.758404586148642702e+05 2.000000000000000000e+00
1.820000000000000000e+02 1.840000000000000000e+02 6.828160064590866677e+05 1.100000000000000000e+01
1.180000000000000000e+02 1.860000000000000000e+02 6.949558902324613882e+05 6.000000000000000000e+00
9.200000000000000000e+01 1.870000000000000000e+02 6.964800334317663219e+05 1.100000000000000000e+01
8.600000000000000000e+01 1.830000000000000000e+02 7.036346399408855941e+05 3.000000000000000000e+00
3.100000000000000000e+01 6.300000000000000000e+01 7.051805212819068693e+05 2.000000000000000000e+00
1.520000000000000000e+02 1.760000000000000000e+02 7.271602577317223186e+05 3.000000000000000000e+00
1.090000000000000000e+02 1.910000000000000000e+02 7.350909577553364215e+05 1.200000000000000000e+01
3.700000000000000000e+01 8.100000000000000000e+01 7.391033976071109064e+05 2.000000000000000000e+00
1.010000000000000000e+02 1.450000000000000000e+02 7.590784377136611147e+05 2.000000000000000000e+00
1.210000000000000000e+02 1.930000000000000000e+02 7.956214426505082520e+05 3.000000000000000000e+00
1.810000000000000000e+02 1.920000000000000000e+02 7.957640633329348639e+05 5.000000000000000000e+00
1.710000000000000000e+02 1.890000000000000000e+02 7.977873068473924650e+05 1.300000000000000000e+01
5.300000000000000000e+01 1.880000000000000000e+02 8.037942958788357209e+05 3.000000000000000000e+00
1.320000000000000000e+02 1.850000000000000000e+02 8.052440219138130778e+05 4.000000000000000000e+00
6.100000000000000000e+01 6.800000000000000000e+01 8.094709185700307135e+05 2.000000000000000000e+00
9.800000000000000000e+01 1.970000000000000000e+02 8.103438851286220597e+05 3.000000000000000000e+00
4.600000000000000000e+01 2.040000000000000000e+02 8.555366334007353289e+05 4.000000000000000000e+00
7.100000000000000000e+01 1.990000000000000000e+02 8.596126407044522930e+05 6.000000000000000000e+00
1.000000000000000000e+02 1.960000000000000000e+02 8.723519197826820891e+05 3.000000000000000000e+00
9.400000000000000000e+01 1.940000000000000000e+02 8.731551128209360177e+05 4.000000000000000000e+00
4.900000000000000000e+01 1.980000000000000000e+02 8.749455739160241792e+05 4.000000000000000000e+00
3.200000000000000000e+01 1.540000000000000000e+02 8.829916219677214976e+05 2.000000000000000000e+00
1.250000000000000000e+02 2.010000000000000000e+02 9.003315011256061262e+05 4.000000000000000000e+00
1.390000000000000000e+02 2.050000000000000000e+02 9.167415669751024107e+05 5.000000000000000000e+00
8.200000000000000000e+01 2.060000000000000000e+02 9.250701965299450094e+05 7.000000000000000000e+00
1.030000000000000000e+02 1.730000000000000000e+02 9.687328960591033101e+05 4.000000000000000000e+00
6.400000000000000000e+01 6.700000000000000000e+01 9.725694579147676704e+05 2.000000000000000000e+00
3.900000000000000000e+01 1.770000000000000000e+02 9.875026306842088234e+05 3.000000000000000000e+00
3.800000000000000000e+01 2.090000000000000000e+02 1.014993733082110761e+06 5.000000000000000000e+00
1.490000000000000000e+02 1.900000000000000000e+02 1.015470438889401965e+06 7.000000000000000000e+00
8.000000000000000000e+01 2.030000000000000000e+02 1.029801516391200479e+06 3.000000000000000000e+00
5.100000000000000000e+01 2.100000000000000000e+02 1.030020040006596362e+06 3.000000000000000000e+00
4.700000000000000000e+01 2.150000000000000000e+02 1.049533038326658541e+06 3.000000000000000000e+00
2.080000000000000000e+02 2.170000000000000000e+02 1.067141500648327172e+06 9.000000000000000000e+00
2.070000000000000000e+02 2.110000000000000000e+02 1.084801965524053900e+06 7.000000000000000000e+00
7.500000000000000000e+01 1.370000000000000000e+02 1.098021663188959938e+06 2.000000000000000000e+00
6.500000000000000000e+01 2.200000000000000000e+02 1.119575560495232930e+06 4.000000000000000000e+00
1.680000000000000000e+02 2.020000000000000000e+02 1.119790376478433143e+06 7.000000000000000000e+00
7.600000000000000000e+01 2.120000000000000000e+02 1.123291310788442846e+06 6.000000000000000000e+00
8.900000000000000000e+01 1.950000000000000000e+02 1.127984733643951593e+06 1.300000000000000000e+01
2.000000000000000000e+02 2.140000000000000000e+02 1.164822949278234970e+06 1.700000000000000000e+01
2.190000000000000000e+02 2.280000000000000000e+02 1.167442537317130715e+06 1.600000000000000000e+01
9.100000000000000000e+01 1.310000000000000000e+02 1.176635678419620264e+06 2.000000000000000000e+00
5.000000000000000000e+01 2.270000000000000000e+02 1.192175462582520908e+06 7.000000000000000000e+00
9.500000000000000000e+01 1.470000000000000000e+02 1.252253424195558066e+06 2.000000000000000000e+00
9.300000000000000000e+01 1.380000000000000000e+02 1.270297496342921164e+06 2.000000000000000000e+00
4.300000000000000000e+01 2.230000000000000000e+02 1.272770216983536491e+06 8.000000000000000000e+00
2.220000000000000000e+02 2.330000000000000000e+02 1.295608927303180331e+06 1.100000000000000000e+01
8.800000000000000000e+01 2.130000000000000000e+02 1.302788327970611630e+06 8.000000000000000000e+00
8.400000000000000000e+01 1.300000000000000000e+02 1.314833228505033068e+06 2.000000000000000000e+00
4.100000000000000000e+01 4.200000000000000000e+01 1.317205187278139172e+06 2.000000000000000000e+00
2.210000000000000000e+02 2.320000000000000000e+02 1.319649327561000828e+06 1.000000000000000000e+01
3.400000000000000000e+01 2.350000000000000000e+02 1.338892634771922370e+06 9.000000000000000000e+00
2.180000000000000000e+02 2.300000000000000000e+02 1.358482124546517385e+06 2.300000000000000000e+01
7.000000000000000000e+01 2.160000000000000000e+02 1.407432864859373542e+06 4.000000000000000000e+00
5.700000000000000000e+01 2.360000000000000000e+02 1.407584542977475561e+06 1.200000000000000000e+01
7.700000000000000000e+01 2.370000000000000000e+02 1.443029007198171457e+06 9.000000000000000000e+00
6.000000000000000000e+01 2.400000000000000000e+02 1.462643732036446687e+06 1.100000000000000000e+01
4.400000000000000000e+01 2.390000000000000000e+02 1.468413992300139274e+06 3.000000000000000000e+00
2.340000000000000000e+02 2.440000000000000000e+02 1.508315663753664121e+06 1.400000000000000000e+01
1.280000000000000000e+02 2.460000000000000000e+02 1.512532079511799617e+06 1.200000000000000000e+01
2.380000000000000000e+02 2.410000000000000000e+02 1.520833408679028740e+06 1.100000000000000000e+01
2.250000000000000000e+02 2.310000000000000000e+02 1.523633421100308653e+06 6.000000000000000000e+00
9.700000000000000000e+01 1.230000000000000000e+02 1.590534906157398596e+06 2.000000000000000000e+00
5.600000000000000000e+01 2.420000000000000000e+02 1.615610179407692514e+06 2.400000000000000000e+01
4.500000000000000000e+01 2.240000000000000000e+02 1.657079138459761860e+06 3.000000000000000000e+00
2.450000000000000000e+02 2.480000000000000000e+02 1.734135010955129983e+06 2.300000000000000000e+01
2.490000000000000000e+02 2.500000000000000000e+02 1.754435047982861986e+06 2.300000000000000000e+01
3.300000000000000000e+01 2.430000000000000000e+02 1.807809776339069474e+06 5.000000000000000000e+00
5.500000000000000000e+01 2.510000000000000000e+02 1.920724685972364387e+06 7.000000000000000000e+00
7.300000000000000000e+01 2.540000000000000000e+02 2.071714579453514889e+06 4.000000000000000000e+00
3.600000000000000000e+01 2.570000000000000000e+02 2.131914718070504256e+06 6.000000000000000000e+00
2.100000000000000000e+01 9.900000000000000000e+01 2.190856815159196965e+06 2.000000000000000000e+00
2.580000000000000000e+02 2.600000000000000000e+02 2.251371097292026039e+06 1.300000000000000000e+01
2.520000000000000000e+02 2.590000000000000000e+02 2.264518413156968541e+06 6.000000000000000000e+00
1.400000000000000000e+01 2.200000000000000000e+01 2.315090980285548139e+06 2.000000000000000000e+00
2.900000000000000000e+01 2.470000000000000000e+02 2.376473330349817872e+06 4.000000000000000000e+00
2.000000000000000000e+01 2.400000000000000000e+01 2.438596348170346580e+06 2.000000000000000000e+00
9.000000000000000000e+01 2.550000000000000000e+02 2.485373543024022598e+06 2.400000000000000000e+01
7.800000000000000000e+01 2.560000000000000000e+02 2.561108179171798285e+06 2.400000000000000000e+01
2.290000000000000000e+02 2.530000000000000000e+02 2.598415096528292634e+06 4.100000000000000000e+01
2.500000000000000000e+01 2.640000000000000000e+02 2.654556614951893687e+06 3.000000000000000000e+00
2.600000000000000000e+01 2.650000000000000000e+02 3.007282740765739232e+06 5.000000000000000000e+00
1.020000000000000000e+02 2.630000000000000000e+02 3.059635364891208708e+06 7.000000000000000000e+00
2.670000000000000000e+02 2.680000000000000000e+02 3.069350232430646196e+06 4.800000000000000000e+01
6.900000000000000000e+01 2.730000000000000000e+02 3.555577651594850700e+06 4.900000000000000000e+01
2.700000000000000000e+01 2.700000000000000000e+02 3.734850765801945701e+06 4.000000000000000000e+00
1.800000000000000000e+01 3.000000000000000000e+01 3.746560650077214465e+06 2.000000000000000000e+00
2.300000000000000000e+01 2.800000000000000000e+01 3.764772569507154170e+06 2.000000000000000000e+00
2.710000000000000000e+02 2.720000000000000000e+02 3.881584960102907382e+06 1.200000000000000000e+01
5.800000000000000000e+01 2.750000000000000000e+02 3.962516792415899690e+06 5.000000000000000000e+00
2.260000000000000000e+02 2.690000000000000000e+02 4.082518139037343208e+06 4.800000000000000000e+01
3.500000000000000000e+01 2.620000000000000000e+02 4.220869063593393192e+06 1.400000000000000000e+01
6.000000000000000000e+00 7.000000000000000000e+00 4.470030285589908250e+06 2.000000000000000000e+00
2.610000000000000000e+02 2.790000000000000000e+02 4.529478288153657690e+06 7.000000000000000000e+00
1.000000000000000000e+01 1.700000000000000000e+01 4.567373524241202511e+06 2.000000000000000000e+00
5.200000000000000000e+01 2.810000000000000000e+02 4.893243918446690775e+06 1.500000000000000000e+01
1.500000000000000000e+01 2.770000000000000000e+02 5.072596349745651707e+06 3.000000000000000000e+00
2.740000000000000000e+02 2.850000000000000000e+02 5.135312115601532161e+06 6.400000000000000000e+01
1.200000000000000000e+01 1.900000000000000000e+01 5.393727132741050795e+06 2.000000000000000000e+00
2.760000000000000000e+02 2.860000000000000000e+02 5.642998224280632101e+06 5.000000000000000000e+00
8.000000000000000000e+00 2.820000000000000000e+02 6.058631652193852700e+06 3.000000000000000000e+00
1.600000000000000000e+01 2.840000000000000000e+02 6.230278143597275019e+06 3.000000000000000000e+00
2.660000000000000000e+02 2.780000000000000000e+02 6.479191269891985692e+06 1.400000000000000000e+01
4.000000000000000000e+00 1.300000000000000000e+01 6.735945929507080466e+06 2.000000000000000000e+00
9.000000000000000000e+00 2.880000000000000000e+02 6.769779701437288895e+06 3.000000000000000000e+00
2.800000000000000000e+02 2.870000000000000000e+02 6.979234508281342685e+06 1.120000000000000000e+02
3.000000000000000000e+00 2.910000000000000000e+02 7.507432237963062711e+06 4.000000000000000000e+00
2.890000000000000000e+02 2.900000000000000000e+02 8.284857018717612140e+06 8.000000000000000000e+00
1.100000000000000000e+01 2.960000000000000000e+02 8.779873321687584743e+06 5.000000000000000000e+00
0.000000000000000000e+00 1.000000000000000000e+00 9.047479295428533107e+06 2.000000000000000000e+00
2.000000000000000000e+00 5.000000000000000000e+00 1.043567933997159638e+07 2.000000000000000000e+00
2.830000000000000000e+02 2.970000000000000000e+02 1.230508260199019313e+07 1.500000000000000000e+01
2.930000000000000000e+02 2.940000000000000000e+02 1.236412511628340743e+07 5.000000000000000000e+00
2.920000000000000000e+02 2.950000000000000000e+02 1.260803928322155960e+07 1.260000000000000000e+02
2.980000000000000000e+02 3.020000000000000000e+02 1.909437953080849722e+07 1.000000000000000000e+01
2.990000000000000000e+02 3.000000000000000000e+02 2.623213787279573083e+07 4.000000000000000000e+00
3.010000000000000000e+02 3.040000000000000000e+02 2.871816096947517246e+07 2.500000000000000000e+01
3.030000000000000000e+02 3.060000000000000000e+02 4.274504615239900351e+07 1.510000000000000000e+02
3.050000000000000000e+02 3.070000000000000000e+02 9.531666760281661153e+07 1.550000000000000000e+02
