4.300000000000000000e+01 5.100000000000000000e+01 5.301614942637762397e+03 2.000000000000000000e+00
1.900000000000000000e+01 2.300000000000000000e+01 5.774638516825100851e+03 2.000000000000000000e+00
1.480000000000000000e+02 1.520000000000000000e+02 6.031189600733838233e+03 2.000000000000000000e+00
7.100000000000000000e+01 7.200000000000000000e+01 6.036491696341509851e+03 2.000000000000000000e+00
3.700000000000000000e+01 6.600000000000000000e+01 6.117023867862541010e+03 2.000000000000000000e+00
2.000000000000000000e+01 2.900000000000000000e+01 6.206429488844612933e+03 2.000000000000000000e+00
1.460000000000000000e+02 1.530000000000000000e+02 6.388931131261316295e+03 2.000000000000000000e+00
1.310000000000000000e+02 1.390000000000000000e+02 6.397880899172787394e+03 2.000000000000000000e+00
1.380000000000000000e+02 1.410000000000000000e+02 6.435963719599420074e+03 2.000000000000000000e+00
1.220000000000000000e+02 1.500000000000000000e+02 6.449379117403473174e+03 2.000000000000000000e+00
1.200000000000000000e+01 8.500000000000000000e+01 6.540915838015346708e+03 2.000000000000000000e+00
5.300000000000000000e+01 8.000000000000000000e+01 6.596453592651129838e+03 2.000000000000000000e+00
4.500000000000000000e+01 4.600000000000000000e+01 6.705470900689972950e+03 2.000000000000000000e+00
1.010000000000000000e+02 1.550000000000000000e+02 6.829632979698822965e+03 3.000000000000000000e+00
9.800000000000000000e+01 1.260000000000000000e+02 6.850693395562233491e+03 2.000000000000000000e+00
3.500000000000000000e+01 1.660000000000000000e+02 7.010011707748933986e+03 3.000000000000000000e+00
1.240000000000000000e+02 1.270000000000000000e+02 7.047933172214390652e+03 2.000000000000000000e+00
3.600000000000000000e+01 4.200000000000000000e+01 7.119795853814911425e+03 2.000000000000000000e+00
6.400000000000000000e+01 6.700000000000000000e+01 7.162798126430760021e+03 2.000000000000000000e+00
3.900000000000000000e+01 4.900000000000000000e+01 7.171699031610291968e+03 2.000000000000000000e+00
1.080000000000000000e+02 1.090000000000000000e+02 7.242727386834327262e+03 2.000000000000000000e+00
1.500000000000000000e+01 1.700000000000000000e+01 7.501427997388230324e+03 2.000000000000000000e+00
1.100000000000000000e+02 1.470000000000000000e+02 7.501499383456616670e+03 2.000000000000000000e+00
8.700000000000000000e+01 1.450000000000000000e+02 7.551856328082520122e+03 2.000000000000000000e+00
6.800000000000000000e+01 1.590000000000000000e+02 7.634018823830708243e+03 3.000000000000000000e+00
4.800000000000000000e+01 5.000000000000000000e+01 7.639414964511352991e+03 2.000000000000000000e+00
1.400000000000000000e+01 2.500000000000000000e+01 7.692171994956950584e+03 2.000000000000000000e+00
3.100000000000000000e+01 5.900000000000000000e+01 7.717432539387694305e+03 2.000000000000000000e+00
1.370000000000000000e+02 1.620000000000000000e+02 7.719405444006148173e+03 3.000000000000000000e+00
2.400000000000000000e+01 1.300000000000000000e+02 7.781006554424690876e+03 2.000000000000000000e+00
5.200000000000000000e+01 5.500000000000000000e+01 7.904767612017446481e+03 2.000000000000000000e+00
8.900000000000000000e+01 1.180000000000000000e+02 7.904867234811727030e+03 2.000000000000000000e+00
1.320000000000000000e+02 1.340000000000000000e+02 7.980343288355457844e+03 2.000000000000000000e+00
8.100000000000000000e+01 1.650000000000000000e+02 8.037079254173214395e+03 3.000000000000000000e+00
1.400000000000000000e+02 1.490000000000000000e+02 8.156466269163381185e+03 2.000000000000000000e+00
1.430000000000000000e+02 1.610000000000000000e+02 8.388731814034446870e+03 3.000000000000000000e+00
1.140000000000000000e+02 1.710000000000000000e+02 8.490209322703940416e+03 3.000000000000000000e+00
5.400000000000000000e+01 1.440000000000000000e+02 8.497003118747221379e+03 2.000000000000000000e+00
3.000000000000000000e+00 2.200000000000000000e+01 8.635346489863622992e+03 2.000000000000000000e+00
1.040000000000000000e+02 1.570000000000000000e+02 8.661415796114783006e+03 3.000000000000000000e+00
5.000000000000000000e+00 1.770000000000000000e+02 8.689065911178258830e+03 3.000000000000000000e+00
3.200000000000000000e+01 8.200000000000000000e+01 8.709688398559388588e+03 2.000000000000000000e+00
1.330000000000000000e+02 1.350000000000000000e+02 8.718691415573784980e+03 2.000000000000000000e+00
6.100000000000000000e+01 1.700000000000000000e+02 8.762894937928031140e+03 4.000000000000000000e+00
2.800000000000000000e+01 3.000000000000000000e+01 8.878222964084648993e+03 2.000000000000000000e+00
9.000000000000000000e+00 1.050000000000000000e+02 8.955135677364134608e+03 2.000000000000000000e+00
2.100000000000000000e+01 1.690000000000000000e+02 9.210803887912203209e+03 3.000000000000000000e+00
1.250000000000000000e+02 1.940000000000000000e+02 9.356886715614333298e+03 4.000000000000000000e+00
7.000000000000000000e+01 8.400000000000000000e+01 9.427574237310465833e+03 2.000000000000000000e+00
1.060000000000000000e+02 1.170000000000000000e+02 9.429307026499878702e+03 2.000000000000000000e+00
1.510000000000000000e+02 2.030000000000000000e+02 9.473547395815621712e+03 3.000000000000000000e+00
1.210000000000000000e+02 1.820000000000000000e+02 9.474210877344634355e+03 3.000000000000000000e+00
4.400000000000000000e+01 9.400000000000000000e+01 9.626598880186085808e+03 2.000000000000000000e+00
1.670000000000000000e+02 1.960000000000000000e+02 9.663732003963603347e+03 4.000000000000000000e+00
1.870000000000000000e+02 1.890000000000000000e+02 9.707099930692049384e+03 4.000000000000000000e+00
1.800000000000000000e+01 2.700000000000000000e+01 9.724987814902391619e+03 2.000000000000000000e+00
1.740000000000000000e+02 1.980000000000000000e+02 9.854223310783374473e+03 6.000000000000000000e+00
1.760000000000000000e+02 2.010000000000000000e+02 9.908343308619218078e+03 5.000000000000000000e+00
6.500000000000000000e+01 1.850000000000000000e+02 9.935306722316694504e+03 3.000000000000000000e+00
1.190000000000000000e+02 2.020000000000000000e+02 1.016370160741476138e+04 5.000000000000000000e+00
5.700000000000000000e+01 6.300000000000000000e+01 1.028631459756116965e+04 2.000000000000000000e+00
1.280000000000000000e+02 1.950000000000000000e+02 1.032166988032440895e+04 4.000000000000000000e+00
1.100000000000000000e+01 1.810000000000000000e+02 1.036537339082393009e+04 3.000000000000000000e+00
7.900000000000000000e+01 1.790000000000000000e+02 1.047171922198339053e+04 4.000000000000000000e+00
1.840000000000000000e+02 2.160000000000000000e+02 1.051671087910708593e+04 6.000000000000000000e+00
3.800000000000000000e+01 9.700000000000000000e+01 1.054191211308460879e+04 2.000000000000000000e+00
8.600000000000000000e+01 1.580000000000000000e+02 1.061338053913816839e+04 3.000000000000000000e+00
1.300000000000000000e+01 1.560000000000000000e+02 1.065878861690294980e+04 3.000000000000000000e+00
1.630000000000000000e+02 1.880000000000000000e+02 1.066078403370376509e+04 5.000000000000000000e+00
4.000000000000000000e+00 1.930000000000000000e+02 1.079677616063740061e+04 3.000000000000000000e+00
1.900000000000000000e+02 2.140000000000000000e+02 1.085103627430638517e+04 8.000000000000000000e+00
1.800000000000000000e+02 1.860000000000000000e+02 1.090525660376031010e+04 4.000000000000000000e+00
9.600000000000000000e+01 1.640000000000000000e+02 1.106662560348773695e+04 3.000000000000000000e+00
2.600000000000000000e+01 1.600000000000000000e+02 1.113158409216601285e+04 3.000000000000000000e+00
1.680000000000000000e+02 1.830000000000000000e+02 1.126290673408327712e+04 6.000000000000000000e+00
2.000000000000000000e+02 2.090000000000000000e+02 1.130023369043008643e+04 6.000000000000000000e+00
1.600000000000000000e+01 2.230000000000000000e+02 1.135596562504454596e+04 6.000000000000000000e+00
6.200000000000000000e+01 1.780000000000000000e+02 1.136348252294695703e+04 3.000000000000000000e+00
4.000000000000000000e+01 2.250000000000000000e+02 1.154527850420153482e+04 9.000000000000000000e+00
2.080000000000000000e+02 2.180000000000000000e+02 1.167731599744446066e+04 8.000000000000000000e+00
8.000000000000000000e+00 8.800000000000000000e+01 1.172646332020016962e+04 2.000000000000000000e+00
1.150000000000000000e+02 1.360000000000000000e+02 1.186612927622145799e+04 2.000000000000000000e+00
1.160000000000000000e+02 2.040000000000000000e+02 1.189537347874292209e+04 3.000000000000000000e+00
1.000000000000000000e+02 1.290000000000000000e+02 1.189569699513231535e+04 2.000000000000000000e+00
2.110000000000000000e+02 2.130000000000000000e+02 1.196812133792231180e+04 9.000000000000000000e+00
7.700000000000000000e+01 1.730000000000000000e+02 1.201055900933368321e+04 3.000000000000000000e+00
1.420000000000000000e+02 2.300000000000000000e+02 1.205979584386710303e+04 7.000000000000000000e+00
4.100000000000000000e+01 1.720000000000000000e+02 1.219232124610168285e+04 3.000000000000000000e+00
9.100000000000000000e+01 2.340000000000000000e+02 1.221793763536068218e+04 9.000000000000000000e+00
0.000000000000000000e+00 1.990000000000000000e+02 1.227286834338395420e+04 3.000000000000000000e+00
1.120000000000000000e+02 2.060000000000000000e+02 1.240124277794367845e+04 4.000000000000000000e+00
2.100000000000000000e+02 2.170000000000000000e+02 1.243922346927716535e+04 5.000000000000000000e+00
5.600000000000000000e+01 1.920000000000000000e+02 1.244386833028139154e+04 3.000000000000000000e+00
6.000000000000000000e+01 7.500000000000000000e+01 1.290898152450455746e+04 2.000000000000000000e+00
1.910000000000000000e+02 2.330000000000000000e+02 1.291301020402831637e+04 1.200000000000000000e+01
2.190000000000000000e+02 2.440000000000000000e+02 1.324101159767495665e+04 9.000000000000000000e+00
2.120000000000000000e+02 2.220000000000000000e+02 1.326074965740143671e+04 8.000000000000000000e+00
2.150000000000000000e+02 2.470000000000000000e+02 1.351325714778340625e+04 5.000000000000000000e+00
2.240000000000000000e+02 2.410000000000000000e+02 1.373944675372400889e+04 1.000000000000000000e+01
1.000000000000000000e+00 1.000000000000000000e+01 1.374758382407614226e+04 2.000000000000000000e+00
1.970000000000000000e+02 2.290000000000000000e+02 1.374918456184948445e+04 8.000000000000000000e+00
2.320000000000000000e+02 2.350000000000000000e+02 1.389902549770464248e+04 5.000000000000000000e+00
1.070000000000000000e+02 1.110000000000000000e+02 1.393278252898537175e+04 2.000000000000000000e+00
2.460000000000000000e+02 2.510000000000000000e+02 1.394107542249069593e+04 1.300000000000000000e+01
2.270000000000000000e+02 2.360000000000000000e+02 1.404732291071404143e+04 5.000000000000000000e+00
7.400000000000000000e+01 2.370000000000000000e+02 1.414901787105812400e+04 4.000000000000000000e+00
7.300000000000000000e+01 9.300000000000000000e+01 1.424957676564465510e+04 2.000000000000000000e+00
1.750000000000000000e+02 2.450000000000000000e+02 1.434600260894029998e+04 6.000000000000000000e+00
3.300000000000000000e+01 2.400000000000000000e+02 1.452944171714575532e+04 4.000000000000000000e+00
3.400000000000000000e+01 2.480000000000000000e+02 1.468410464313960983e+04 3.000000000000000000e+00
2.260000000000000000e+02 2.430000000000000000e+02 1.489107203092095551e+04 1.300000000000000000e+01
2.380000000000000000e+02 2.500000000000000000e+02 1.506102982664734918e+04 1.100000000000000000e+01
2.420000000000000000e+02 2.550000000000000000e+02 1.509965073272369227e+04 1.100000000000000000e+01
8.300000000000000000e+01 9.200000000000000000e+01 1.520377035475082448e+04 2.000000000000000000e+00
9.900000000000000000e+01 2.560000000000000000e+02 1.524997041649073435e+04 6.000000000000000000e+00
7.600000000000000000e+01 7.800000000000000000e+01 1.532967873114110625e+04 2.000000000000000000e+00
2.050000000000000000e+02 2.310000000000000000e+02 1.566331906925488329e+04 9.000000000000000000e+00
1.200000000000000000e+02 2.530000000000000000e+02 1.581776963089152741e+04 1.100000000000000000e+01
5.800000000000000000e+01 6.900000000000000000e+01 1.590689158823935577e+04 2.000000000000000000e+00
1.030000000000000000e+02 2.600000000000000000e+02 1.607082968522010560e+04 5.000000000000000000e+00
6.000000000000000000e+00 2.660000000000000000e+02 1.614140166209081508e+04 1.200000000000000000e+01
2.200000000000000000e+02 2.740000000000000000e+02 1.682573717189091258e+04 7.000000000000000000e+00
2.210000000000000000e+02 2.610000000000000000e+02 1.684825699900991458e+04 5.000000000000000000e+00
2.000000000000000000e+00 2.580000000000000000e+02 1.719407151345950842e+04 1.400000000000000000e+01
2.540000000000000000e+02 2.720000000000000000e+02 1.732861450201358821e+04 1.300000000000000000e+01
4.700000000000000000e+01 9.000000000000000000e+01 1.735632645463895460e+04 2.000000000000000000e+00
2.620000000000000000e+02 2.750000000000000000e+02 1.764339305118268385e+04 1.800000000000000000e+01
2.490000000000000000e+02 2.780000000000000000e+02 1.795291950275178533e+04 2.600000000000000000e+01
2.640000000000000000e+02 2.650000000000000000e+02 1.890819679060653652e+04 1.600000000000000000e+01
9.500000000000000000e+01 2.070000000000000000e+02 1.905872702272473543e+04 3.000000000000000000e+00
2.760000000000000000e+02 2.790000000000000000e+02 1.932364719824569329e+04 2.000000000000000000e+01
2.710000000000000000e+02 2.820000000000000000e+02 1.984294086725344096e+04 3.500000000000000000e+01
2.520000000000000000e+02 2.690000000000000000e+02 2.013223075467644958e+04 1.100000000000000000e+01
7.000000000000000000e+00 2.680000000000000000e+02 2.015707633803488716e+04 3.000000000000000000e+00
1.540000000000000000e+02 2.670000000000000000e+02 2.023296354543762573e+04 1.200000000000000000e+01
2.810000000000000000e+02 2.860000000000000000e+02 2.047784723219096486e+04 5.300000000000000000e+01
1.230000000000000000e+02 2.890000000000000000e+02 2.097784288858591026e+04 1.300000000000000000e+01
2.280000000000000000e+02 2.850000000000000000e+02 2.104296761643162608e+04 2.300000000000000000e+01
2.390000000000000000e+02 2.910000000000000000e+02 2.236047427644707932e+04 2.200000000000000000e+01
2.700000000000000000e+02 2.770000000000000000e+02 2.297585821355646112e+04 7.000000000000000000e+00
2.570000000000000000e+02 2.920000000000000000e+02 2.324270878631883897e+04 2.500000000000000000e+01
2.590000000000000000e+02 2.950000000000000000e+02 2.482036406824845835e+04 3.000000000000000000e+01
2.800000000000000000e+02 2.870000000000000000e+02 2.522140102141112220e+04 1.300000000000000000e+01
1.020000000000000000e+02 2.900000000000000000e+02 2.685573437348399239e+04 5.400000000000000000e+01
2.730000000000000000e+02 2.930000000000000000e+02 2.697690695847246025e+04 2.400000000000000000e+01
2.830000000000000000e+02 2.980000000000000000e+02 2.715768069556008777e+04 7.000000000000000000e+01
2.840000000000000000e+02 2.880000000000000000e+02 2.787017876337283451e+04 6.000000000000000000e+00
2.940000000000000000e+02 2.970000000000000000e+02 2.982858128290437526e+04 2.000000000000000000e+01
2.990000000000000000e+02 3.000000000000000000e+02 3.199854993901042690e+04 9.400000000000000000e+01
2.960000000000000000e+02 3.020000000000000000e+02 3.622548531366792304e+04 5.000000000000000000e+01
2.630000000000000000e+02 3.030000000000000000e+02 4.077138524474333099e+04 9.800000000000000000e+01
3.040000000000000000e+02 3.050000000000000000e+02 4.263963513960404089e+04 1.480000000000000000e+02
1.130000000000000000e+02 3.010000000000000000e+02 5.800102502326251852e+04 7.000000000000000000e+00
3.060000000000000000e+02 3.070000000000000000e+02 6.394533848366930761e+04 1.550000000000000000e+02
