0.000000000000000000e+00 4.000000000000000000e+00 3.909298933092859342e-03 2.000000000000000000e+00
3.000000000000000000e+00 1.550000000000000000e+02 5.827299420858095963e-03 3.000000000000000000e+00
8.000000000000000000e+00 1.700000000000000000e+01 1.482698939606137863e-02 2.000000000000000000e+00
1.000000000000000000e+00 1.570000000000000000e+02 2.614562921486475455e-02 3.000000000000000000e+00
2.100000000000000000e+01 9.700000000000000000e+01 4.354112189236277602e-02 2.000000000000000000e+00
7.000000000000000000e+00 3.000000000000000000e+01 5.296674842991180160e-02 2.000000000000000000e+00
1.090000000000000000e+02 1.590000000000000000e+02 5.301275767955992979e-02 3.000000000000000000e+00
1.900000000000000000e+01 3.300000000000000000e+01 5.429735906801257811e-02 2.000000000000000000e+00
1.560000000000000000e+02 1.580000000000000000e+02 5.443192994999338646e-02 6.000000000000000000e+00
1.300000000000000000e+01 1.600000000000000000e+02 5.685498494033855432e-02 3.000000000000000000e+00
5.700000000000000000e+01 1.300000000000000000e+02 5.755593121425968406e-02 2.000000000000000000e+00
1.200000000000000000e+01 4.000000000000000000e+01 5.889316098638906760e-02 2.000000000000000000e+00
2.300000000000000000e+01 2.400000000000000000e+01 6.051942285772667074e-02 2.000000000000000000e+00
1.620000000000000000e+02 1.640000000000000000e+02 6.311567408665014201e-02 5.000000000000000000e+00
1.100000000000000000e+02 1.270000000000000000e+02 6.701514596701069193e-02 2.000000000000000000e+00
2.700000000000000000e+01 1.610000000000000000e+02 6.774181742580270837e-02 4.000000000000000000e+00
1.140000000000000000e+02 1.670000000000000000e+02 7.441419225100567858e-02 3.000000000000000000e+00
9.000000000000000000e+00 1.060000000000000000e+02 7.770465885605408463e-02 2.000000000000000000e+00
1.100000000000000000e+01 1.630000000000000000e+02 8.200862968551871079e-02 7.000000000000000000e+00
5.000000000000000000e+00 1.700000000000000000e+02 8.226066893232401867e-02 5.000000000000000000e+00
1.280000000000000000e+02 1.340000000000000000e+02 8.828282394968552105e-02 2.000000000000000000e+00
3.100000000000000000e+01 1.660000000000000000e+02 8.851473133074228006e-02 3.000000000000000000e+00
1.600000000000000000e+01 1.160000000000000000e+02 9.067176410896700400e-02 2.000000000000000000e+00
2.000000000000000000e+00 1.720000000000000000e+02 9.400662590846858846e-02 3.000000000000000000e+00
1.680000000000000000e+02 1.710000000000000000e+02 9.722165425661399851e-02 8.000000000000000000e+00
1.690000000000000000e+02 1.760000000000000000e+02 9.872943101818314193e-02 5.000000000000000000e+00
1.110000000000000000e+02 1.800000000000000000e+02 1.003587382673167411e-01 6.000000000000000000e+00
1.230000000000000000e+02 1.650000000000000000e+02 1.080179080089128940e-01 3.000000000000000000e+00
2.500000000000000000e+01 1.770000000000000000e+02 1.083792794280787897e-01 3.000000000000000000e+00
1.240000000000000000e+02 1.820000000000000000e+02 1.093804510539823499e-01 4.000000000000000000e+00
4.100000000000000000e+01 1.810000000000000000e+02 1.137638484891576596e-01 7.000000000000000000e+00
1.780000000000000000e+02 1.830000000000000000e+02 1.162718659554246442e-01 6.000000000000000000e+00
1.740000000000000000e+02 1.790000000000000000e+02 1.231346498553361757e-01 1.300000000000000000e+01
2.200000000000000000e+01 1.320000000000000000e+02 1.269148619152749846e-01 2.000000000000000000e+00
8.000000000000000000e+01 1.750000000000000000e+02 1.314803913898261456e-01 3.000000000000000000e+00
1.000000000000000000e+02 1.540000000000000000e+02 1.342559153833017271e-01 2.000000000000000000e+00
9.500000000000000000e+01 1.170000000000000000e+02 1.356921224218522182e-01 2.000000000000000000e+00
6.400000000000000000e+01 1.880000000000000000e+02 1.373457167211681873e-01 3.000000000000000000e+00
2.600000000000000000e+01 1.850000000000000000e+02 1.400831979017143902e-01 8.000000000000000000e+00
5.100000000000000000e+01 1.500000000000000000e+02 1.449169662712803119e-01 2.000000000000000000e+00
6.500000000000000000e+01 1.920000000000000000e+02 1.455174982813958462e-01 4.000000000000000000e+00
1.500000000000000000e+01 1.860000000000000000e+02 1.464965772568579405e-01 7.000000000000000000e+00
1.840000000000000000e+02 1.930000000000000000e+02 1.512398075769010031e-01 1.200000000000000000e+01
2.000000000000000000e+01 1.890000000000000000e+02 1.587105038433321846e-01 4.000000000000000000e+00
1.910000000000000000e+02 1.950000000000000000e+02 1.619559310488746240e-01 6.000000000000000000e+00
6.700000000000000000e+01 9.000000000000000000e+01 1.655551202820131074e-01 2.000000000000000000e+00
1.480000000000000000e+02 1.990000000000000000e+02 1.759711154333867267e-01 7.000000000000000000e+00
4.600000000000000000e+01 1.390000000000000000e+02 1.776582003301517831e-01 2.000000000000000000e+00
3.400000000000000000e+01 1.960000000000000000e+02 1.778879535445464233e-01 8.000000000000000000e+00
1.970000000000000000e+02 1.980000000000000000e+02 1.853698354046406649e-01 1.600000000000000000e+01
2.000000000000000000e+02 2.020000000000000000e+02 1.929523461755354996e-01 4.000000000000000000e+00
9.200000000000000000e+01 2.010000000000000000e+02 1.977231206824361376e-01 8.000000000000000000e+00
6.600000000000000000e+01 1.940000000000000000e+02 2.143752278809946121e-01 3.000000000000000000e+00
1.260000000000000000e+02 1.900000000000000000e+02 2.205296992436288073e-01 3.000000000000000000e+00
2.050000000000000000e+02 2.060000000000000000e+02 2.230576345669593452e-01 1.200000000000000000e+01
6.100000000000000000e+01 2.080000000000000000e+02 2.255557266465883781e-01 4.000000000000000000e+00
1.870000000000000000e+02 2.030000000000000000e+02 2.276753834493427109e-01 2.100000000000000000e+01
5.000000000000000000e+01 2.070000000000000000e+02 2.316715650866259246e-01 4.000000000000000000e+00
2.100000000000000000e+02 2.120000000000000000e+02 2.551922282142233822e-01 8.000000000000000000e+00
1.420000000000000000e+02 1.470000000000000000e+02 2.569098016306774479e-01 2.000000000000000000e+00
6.000000000000000000e+01 2.040000000000000000e+02 2.707700206847842295e-01 1.700000000000000000e+01
1.070000000000000000e+02 2.130000000000000000e+02 2.723874558321591199e-01 9.000000000000000000e+00
1.400000000000000000e+01 2.090000000000000000e+02 2.768586515896839240e-01 1.300000000000000000e+01
1.800000000000000000e+01 2.170000000000000000e+02 2.863183571754052137e-01 1.400000000000000000e+01
1.290000000000000000e+02 1.310000000000000000e+02 2.906055511726062801e-01 2.000000000000000000e+00
2.140000000000000000e+02 2.160000000000000000e+02 2.952791468665745267e-01 1.100000000000000000e+01
2.900000000000000000e+01 2.150000000000000000e+02 2.965684885403224169e-01 1.800000000000000000e+01
6.900000000000000000e+01 7.400000000000000000e+01 3.027458857015792315e-01 2.000000000000000000e+00
7.800000000000000000e+01 2.180000000000000000e+02 3.035675149992487221e-01 1.500000000000000000e+01
1.350000000000000000e+02 2.190000000000000000e+02 3.084379996325606887e-01 3.000000000000000000e+00
1.460000000000000000e+02 2.200000000000000000e+02 3.132421208663387358e-01 1.200000000000000000e+01
2.220000000000000000e+02 2.230000000000000000e+02 3.159949586229304219e-01 1.700000000000000000e+01
1.440000000000000000e+02 1.490000000000000000e+02 3.207305090407555070e-01 2.000000000000000000e+00
1.730000000000000000e+02 2.110000000000000000e+02 3.239194989598091490e-01 2.800000000000000000e+01
3.500000000000000000e+01 2.240000000000000000e+02 3.360293243201262769e-01 4.000000000000000000e+00
5.600000000000000000e+01 2.270000000000000000e+02 3.474459092469424082e-01 3.000000000000000000e+00
8.900000000000000000e+01 2.250000000000000000e+02 3.617210521242043009e-01 1.300000000000000000e+01
1.000000000000000000e+01 2.260000000000000000e+02 3.621251525611689503e-01 1.800000000000000000e+01
7.300000000000000000e+01 1.190000000000000000e+02 3.694347982014490883e-01 2.000000000000000000e+00
6.800000000000000000e+01 2.290000000000000000e+02 3.698430243395082195e-01 5.000000000000000000e+00
5.300000000000000000e+01 1.250000000000000000e+02 3.731453136385529112e-01 2.000000000000000000e+00
2.310000000000000000e+02 2.340000000000000000e+02 3.792851799083854503e-01 1.800000000000000000e+01
6.000000000000000000e+00 2.320000000000000000e+02 3.838014675209689419e-01 1.900000000000000000e+01
1.520000000000000000e+02 2.300000000000000000e+02 3.839579145231975521e-01 4.000000000000000000e+00
1.010000000000000000e+02 2.370000000000000000e+02 3.985246923675476172e-01 2.000000000000000000e+01
2.350000000000000000e+02 2.380000000000000000e+02 4.024848383833414811e-01 6.000000000000000000e+00
4.300000000000000000e+01 2.390000000000000000e+02 4.144737203628049427e-01 2.100000000000000000e+01
1.330000000000000000e+02 1.510000000000000000e+02 4.217145523187180167e-01 2.000000000000000000e+00
2.800000000000000000e+01 2.410000000000000000e+02 4.283138093661271739e-01 2.200000000000000000e+01
1.020000000000000000e+02 2.210000000000000000e+02 4.324119931512496184e-01 1.900000000000000000e+01
8.300000000000000000e+01 2.400000000000000000e+02 4.356360219021919167e-01 7.000000000000000000e+00
7.700000000000000000e+01 2.450000000000000000e+02 4.498220264069455188e-01 8.000000000000000000e+00
7.500000000000000000e+01 2.460000000000000000e+02 4.641662500577594663e-01 9.000000000000000000e+00
2.430000000000000000e+02 2.440000000000000000e+02 4.684132101256552327e-01 4.100000000000000000e+01
3.200000000000000000e+01 1.400000000000000000e+02 4.750439001821836205e-01 2.000000000000000000e+00
1.410000000000000000e+02 2.330000000000000000e+02 5.011671143268670026e-01 3.000000000000000000e+00
2.420000000000000000e+02 2.490000000000000000e+02 5.042759340640410315e-01 4.000000000000000000e+00
4.200000000000000000e+01 2.470000000000000000e+02 5.116887353426461393e-01 1.000000000000000000e+01
9.600000000000000000e+01 2.360000000000000000e+02 5.185948978565242395e-01 1.900000000000000000e+01
4.400000000000000000e+01 2.520000000000000000e+02 5.431147242962764965e-01 1.100000000000000000e+01
2.500000000000000000e+02 2.510000000000000000e+02 5.440801176476440792e-01 7.000000000000000000e+00
8.700000000000000000e+01 2.550000000000000000e+02 5.682131687576091883e-01 8.000000000000000000e+00
3.700000000000000000e+01 2.540000000000000000e+02 5.807056209731779051e-01 1.200000000000000000e+01
5.400000000000000000e+01 2.570000000000000000e+02 5.929685493970042742e-01 1.300000000000000000e+01
7.200000000000000000e+01 1.360000000000000000e+02 5.958014123477186619e-01 2.000000000000000000e+00
4.500000000000000000e+01 2.580000000000000000e+02 6.214944758927660740e-01 1.400000000000000000e+01
2.530000000000000000e+02 2.600000000000000000e+02 6.634650091799221272e-01 3.300000000000000000e+01
3.600000000000000000e+01 2.560000000000000000e+02 6.682876665718354703e-01 9.000000000000000000e+00
2.280000000000000000e+02 2.480000000000000000e+02 6.860538318881233000e-01 6.900000000000000000e+01
9.300000000000000000e+01 1.220000000000000000e+02 6.969851198953258553e-01 2.000000000000000000e+00
1.380000000000000000e+02 2.620000000000000000e+02 7.013978624979984033e-01 1.000000000000000000e+01
5.200000000000000000e+01 2.650000000000000000e+02 7.797218149124744979e-01 1.100000000000000000e+01
2.590000000000000000e+02 2.660000000000000000e+02 8.135821400520476532e-01 1.300000000000000000e+01
3.800000000000000000e+01 8.400000000000000000e+01 8.458918289460763962e-01 2.000000000000000000e+00
1.530000000000000000e+02 2.640000000000000000e+02 8.478208311007258136e-01 3.000000000000000000e+00
4.900000000000000000e+01 2.610000000000000000e+02 9.360631479269159172e-01 3.400000000000000000e+01
2.670000000000000000e+02 2.680000000000000000e+02 9.582646986912011222e-01 1.500000000000000000e+01
6.200000000000000000e+01 2.690000000000000000e+02 1.011109877982822036e+00 4.000000000000000000e+00
8.800000000000000000e+01 2.710000000000000000e+02 1.024014522158708695e+00 1.600000000000000000e+01
7.000000000000000000e+01 2.730000000000000000e+02 1.060431646673834827e+00 1.700000000000000000e+01
5.900000000000000000e+01 2.700000000000000000e+02 1.108186714150237506e+00 3.500000000000000000e+01
2.630000000000000000e+02 2.750000000000000000e+02 1.195169163234983012e+00 1.040000000000000000e+02
7.900000000000000000e+01 2.740000000000000000e+02 1.213176679836386329e+00 1.800000000000000000e+01
8.500000000000000000e+01 2.720000000000000000e+02 1.251162674906178163e+00 5.000000000000000000e+00
4.700000000000000000e+01 2.770000000000000000e+02 1.302111434759997133e+00 1.900000000000000000e+01
8.600000000000000000e+01 2.780000000000000000e+02 1.330258427747119887e+00 6.000000000000000000e+00
8.200000000000000000e+01 2.790000000000000000e+02 1.344694889578622377e+00 2.000000000000000000e+01
8.100000000000000000e+01 1.210000000000000000e+02 1.366648003448034387e+00 2.000000000000000000e+00
1.180000000000000000e+02 2.810000000000000000e+02 1.422205157408800602e+00 2.100000000000000000e+01
3.900000000000000000e+01 2.830000000000000000e+02 1.458160231481176350e+00 2.200000000000000000e+01
1.030000000000000000e+02 2.840000000000000000e+02 1.477664510656564012e+00 2.300000000000000000e+01
1.430000000000000000e+02 1.450000000000000000e+02 1.580807637655853304e+00 2.000000000000000000e+00
1.370000000000000000e+02 2.820000000000000000e+02 1.608176647750256372e+00 3.000000000000000000e+00
2.800000000000000000e+02 2.850000000000000000e+02 1.847244113029372858e+00 2.900000000000000000e+01
2.860000000000000000e+02 2.870000000000000000e+02 1.982217373880800659e+00 5.000000000000000000e+00
2.760000000000000000e+02 2.880000000000000000e+02 2.317576228102181446e+00 1.330000000000000000e+02
1.080000000000000000e+02 2.890000000000000000e+02 2.486226113156309037e+00 6.000000000000000000e+00
7.100000000000000000e+01 2.910000000000000000e+02 2.832681359065160276e+00 7.000000000000000000e+00
6.300000000000000000e+01 2.920000000000000000e+02 3.001489917944432317e+00 8.000000000000000000e+00
7.600000000000000000e+01 9.100000000000000000e+01 3.488105383311174368e+00 2.000000000000000000e+00
5.500000000000000000e+01 2.930000000000000000e+02 4.436994218551621572e+00 9.000000000000000000e+00
2.940000000000000000e+02 2.950000000000000000e+02 5.048877061611729999e+00 1.100000000000000000e+01
2.900000000000000000e+02 2.960000000000000000e+02 6.166313776801519708e+00 1.440000000000000000e+02
5.800000000000000000e+01 9.900000000000000000e+01 9.386082470066751782e+00 2.000000000000000000e+00
1.130000000000000000e+02 2.970000000000000000e+02 1.021871186119898667e+01 1.450000000000000000e+02
1.200000000000000000e+02 2.990000000000000000e+02 1.071922166513205532e+01 1.460000000000000000e+02
9.400000000000000000e+01 2.980000000000000000e+02 1.221853404201929472e+01 3.000000000000000000e+00
1.050000000000000000e+02 3.000000000000000000e+02 1.300546176694633793e+01 1.470000000000000000e+02
4.800000000000000000e+01 3.010000000000000000e+02 1.345797042332407756e+01 4.000000000000000000e+00
3.020000000000000000e+02 3.030000000000000000e+02 1.756723171108114201e+01 1.510000000000000000e+02
9.800000000000000000e+01 3.040000000000000000e+02 3.956070823565065808e+01 1.520000000000000000e+02
1.040000000000000000e+02 3.050000000000000000e+02 5.443870550509497974e+01 1.530000000000000000e+02
1.120000000000000000e+02 3.060000000000000000e+02 1.868861289386541955e+02 1.540000000000000000e+02
1.150000000000000000e+02 3.070000000000000000e+02 7.539318432481004298e+07 1.550000000000000000e+02
